0 0.853139 0.46314 0.0801919 0.0704982 0.660802
0 0.846916 0.378435 0.100597 0.0751466 0.555686
0 0.785505 0.713645 0.046198 0.15605 0.460684
0 0.182279 0.911908 0.0617591 0.158968 0.45407
0 0.0223041 0.911384 0.0446081 0.169845 0.395859
0 0.859909 0.227821 0.0624668 0.0579155 0.394614
0 0.733239 0.711825 0.0465854 0.158957 0.394026
0 0.890643 0.729246 0.0429437 0.127683 0.330724
0 0.834539 0.709255 0.0440777 0.146671 0.322364
0 0.774619 0.0800043 0.0193875 0.0409358 0.299186
0 0.857648 0.881884 0.0490143 0.159301 0.28595
0 0.909109 0.879858 0.0468911 0.142173 0.2701
