0 0.371418 0.528828 0.0590293 0.167465 0.559387
0 0.57165 0.818392 0.054192 0.159943 0.535332
0 0.626418 0.817145 0.0540987 0.169641 0.504514
0 0.681286 0.815522 0.0508622 0.167295 0.491277
0 0.73912 0.811972 0.0519614 0.170084 0.487211
0 0.792287 0.80767 0.0516653 0.163729 0.484647
0 0.258904 0.806505 0.0550503 0.155856 0.448384
0 0.633819 0.53419 0.0513672 0.156845 0.44347
0 0.750533 0.534183 0.0542179 0.16771 0.429365
0 0.198513 0.810687 0.0584302 0.169033 0.42602
0 0.312169 0.531856 0.0519055 0.161258 0.413619
0 0.844933 0.812848 0.0514438 0.184451 0.349213
0 0.691118 0.524951 0.0525766 0.165144 0.341107
0 0.58038 0.536658 0.0482647 0.157576 0.332193
0 0.313576 0.81408 0.0533216 0.172963 0.317666
0 0.802725 0.530157 0.0531631 0.171216 0.316505
0 0.0256531 0.858117 0.051205 0.10391 0.309891
0 0.368652 0.810399 0.0525082 0.168755 0.297592
0 0.251629 0.526601 0.0586957 0.17886 0.261597
0 0.860231 0.530362 0.0467991 0.163585 0.260958
