0 0.246623 0.887906 0.158691 0.19029 0.89772
0 0.679404 0.14403 0.0437695 0.0609376 0.897665
0 0.355224 0.227163 0.0515678 0.0689803 0.895059
0 0.657439 0.187119 0.0477325 0.0664366 0.883248
0 0.754574 0.135871 0.0400576 0.0600552 0.870638
0 0.30364 0.28889 0.0604974 0.0801982 0.864695
0 0.27661 0.551845 0.0914071 0.132139 0.861203
0 0.745867 0.266353 0.0576872 0.0878363 0.853973
0 0.123664 0.386585 0.0736738 0.132901 0.853311
0 0.294158 0.195259 0.0470683 0.0671654 0.851799
0 0.831388 0.492636 0.0886784 0.145148 0.84956
0 0.738729 0.0883066 0.0404676 0.0594233 0.844741
0 0.19321 0.252182 0.0924384 0.192524 0.838365
0 0.791095 0.331019 0.0680821 0.0989535 0.8281
0 0.268277 0.327631 0.0648285 0.0845235 0.82751
0 0.809007 0.0417302 0.0429908 0.0800337 0.79946
0 0.100525 0.206065 0.0979692 0.230843 0.794145
0 0.390633 0.193297 0.0429474 0.0554711 0.776207
0 0.342211 0.170879 0.0421865 0.0578687 0.761303
0 0.492356 0.0950319 0.0385033 0.0512837 0.534838
0 0.377847 0.146454 0.0415236 0.0503553 0.430056
0 0.0264226 0.918212 0.0510352 0.163576 0.376368
0 0.724573 0.0276828 0.0304571 0.0478388 0.337131
0 0.251628 0.991538 0.0482767 0.0157055 0.308196
