0 0.683347 0.276631 0.0574078 0.0772748 0.894383
0 0.276798 0.389747 0.0757175 0.123708 0.873836
0 0.661231 0.712333 0.113465 0.164158 0.869661
0 0.318709 0.149682 0.0434303 0.0605138 0.865232
0 0.779083 0.398362 0.0733177 0.101003 0.858705
0 0.713047 0.357296 0.0654839 0.0895563 0.854164
0 0.749878 0.232556 0.0497517 0.0767368 0.852175
0 0.216973 0.109611 0.0388758 0.0564591 0.842835
0 0.291817 0.114367 0.0396995 0.0553904 0.840827
0 0.26107 0.269242 0.0588451 0.0873109 0.840609
0 0.84009 0.3015 0.105094 0.214934 0.840097
0 0.90268 0.478693 0.0832699 0.131911 0.829283
0 0.705494 0.204474 0.0432383 0.0654712 0.825068
0 0.65217 0.233263 0.0529305 0.0658691 0.821785
0 0.269132 0.219084 0.0496057 0.0724495 0.819859
0 0.938287 0.234679 0.106881 0.249125 0.816209
0 0.673286 0.17729 0.0431181 0.0619253 0.792857
0 0.216373 0.06601 0.0375416 0.0537002 0.771198
0 0.147747 0.0320444 0.034291 0.0640888 0.58406
0 0.483101 0.0818211 0.0355797 0.0582054 0.524996
0 0.565833 0.118768 0.0359568 0.0533864 0.362083
