0 0.757667 0.266457 0.0639393 0.0974064 0.930504
0 0.79605 0.459986 0.0918982 0.124653 0.894623
0 0.305976 0.264177 0.0570668 0.0781975 0.886722
0 0.355588 0.213 0.0503058 0.0759336 0.886112
0 0.191957 0.28123 0.0586628 0.0790518 0.884285
0 0.714604 0.365775 0.0746182 0.105206 0.882163
0 0.618096 0.434629 0.086129 0.125838 0.869263
0 0.638048 0.256003 0.0582156 0.0899292 0.867658
0 0.866712 0.384921 0.0784863 0.109592 0.860949
0 0.25592 0.22682 0.0484156 0.069175 0.860321
0 0.660752 0.300912 0.064041 0.0891284 0.859919
0 0.800071 0.634714 0.122331 0.173274 0.859103
0 0.742018 0.150491 0.0550452 0.100892 0.857634
0 0.236965 0.177357 0.0466523 0.0695636 0.835725
0 0.789597 0.322409 0.0673822 0.0978279 0.834301
0 0.561699 0.373892 0.0666515 0.092726 0.810164
0 0.805088 0.0939672 0.0346014 0.0498603 0.80444
0 0.527673 0.292747 0.0549532 0.0880553 0.798392
0 0.644818 0.179623 0.0425007 0.0625607 0.795129
0 0.778733 0.116592 0.0375745 0.0565796 0.792723
0 0.309344 0.182596 0.0406454 0.0597689 0.73014
0 0.658444 0.156165 0.0405639 0.0585325 0.722567
0 0.389974 0.186231 0.0397143 0.060103 0.679927
0 0.698489 0.0834756 0.0382676 0.0508633 0.64994
0 0.808828 0.537943 0.0517757 0.0631674 0.598592
0 0.845087 0.0461871 0.0301069 0.0458435 0.489106
0 0.339384 0.163219 0.0357394 0.0474706 0.477973
0 0.777746 0.0620905 0.0321976 0.0545121 0.446827
0 0.748439 0.0827795 0.0291794 0.0375572 0.43741
0 0.293099 0.150054 0.0425189 0.0611254 0.430176
0 0.783798 0.110339 0.0331251 0.0509491 0.370246
0 0.370853 0.117422 0.0355186 0.0575974 0.369718
0 0.994238 0.51044 0.011524 0.0581461 0.332263
