0 0.420217 0.935786 0.164029 0.128427 0.950726
0 0.748244 0.59163 0.115201 0.153453 0.91006
0 0.187872 0.310603 0.0602978 0.0868746 0.909177
0 0.145994 0.855942 0.147025 0.196058 0.892302
0 0.705797 0.364541 0.0623919 0.101024 0.885417
0 0.284498 0.434535 0.0726933 0.114954 0.880931
0 0.0671754 0.312902 0.0619367 0.0861937 0.877819
0 0.136254 0.24728 0.0542761 0.0836313 0.875591
0 0.31176 0.266456 0.0563534 0.079659 0.874884
0 0.10228 0.432384 0.0687381 0.100463 0.874484
0 0.943096 0.706141 0.11307 0.213729 0.872301
0 0.325966 0.66385 0.117547 0.184906 0.868687
0 0.843792 0.520901 0.0644165 0.136006 0.857672
0 0.13722 0.394016 0.0689327 0.0975138 0.856974
0 0.578789 0.406644 0.0815483 0.108 0.85574
0 0.769497 0.20794 0.110385 0.259602 0.850343
0 0.236593 0.244275 0.0512151 0.0737593 0.846304
0 0.107889 0.571842 0.0913088 0.122935 0.841628
0 0.117215 0.499982 0.0845355 0.0984953 0.832332
0 0.277359 0.208546 0.0417115 0.0664629 0.816339
0 0.0199162 0.379214 0.0398323 0.108528 0.797319
0 0.676222 0.144696 0.0391281 0.0608421 0.796928
0 0.318901 0.176618 0.0473242 0.0658219 0.793539
0 0.379882 0.19028 0.0497789 0.0621283 0.791106
0 0.642238 0.173816 0.041691 0.0638261 0.783369
0 0.634728 0.272424 0.0595695 0.08304 0.774134
0 0.536818 0.236227 0.0487135 0.0818634 0.770476
0 0.643028 0.229629 0.0530358 0.0612876 0.709372
0 0.242565 0.181003 0.0417322 0.0633746 0.615775
0 0.55922 0.191855 0.0435828 0.0640862 0.549421
0 0.829807 0.0489337 0.0290043 0.0430363 0.524849
0 0.701614 0.112953 0.0374664 0.0592 0.46787
0 0.856832 0.0710259 0.0260151 0.0306446 0.438575
0 0.290374 0.151363 0.0331675 0.0535825 0.296306
0 0.564982 0.193851 0.0340006 0.0606706 0.29629
0 0.559822 0.329316 0.0271904 0.0493228 0.257037
0 0.857267 0.0532897 0.0277939 0.0654081 0.250385
