0 0.742254 0.445626 0.0767813 0.114454 0.896739
0 0.856569 0.670294 0.114351 0.143203 0.895965
0 0.339831 0.180811 0.0479683 0.0652718 0.892105
0 0.300015 0.118583 0.0412961 0.0642925 0.876685
0 0.582976 0.861786 0.129005 0.181697 0.875648
0 0.351655 0.231235 0.0527047 0.0759054 0.870745
0 0.771645 0.212066 0.0896584 0.176499 0.862332
0 0.11799 0.407524 0.0837968 0.115056 0.860276
0 0.859619 0.176023 0.097065 0.214205 0.859994
0 0.263391 0.165565 0.0442836 0.0672587 0.85233
0 0.217399 0.317903 0.063226 0.0984818 0.8496
0 0.664694 0.239496 0.0528068 0.071066 0.838672
0 0.657269 0.162002 0.043441 0.0640116 0.834416
0 0.691577 0.273284 0.0555973 0.0757541 0.828913
0 0.83906 0.318282 0.0646568 0.124389 0.819028
0 0.599878 0.185766 0.0471365 0.0631639 0.807622
0 0.228818 0.0574468 0.0402506 0.0854947 0.775966
0 0.157356 0.0496511 0.0467148 0.0862844 0.662849
0 0.788053 0.857613 0.21313 0.280614 0.644315
0 0.691242 0.98351 0.0584818 0.0327532 0.480426
0 0.606903 0.139293 0.039133 0.0547896 0.393165
0 0.565076 0.156748 0.029371 0.0529697 0.388586
0 0.00816785 0.616257 0.0163357 0.101954 0.340996
0 0.0104141 0.655056 0.0200748 0.176959 0.338517
0 0.259372 0.070218 0.0235755 0.0427553 0.333988
0 0.193483 0.0374322 0.0281677 0.0497224 0.303689
0 0.00872265 0.63431 0.0174453 0.140065 0.285765
0 0.450897 0.0737952 0.0341817 0.0488705 0.281891
