0 0.358252 0.82183 0.141465 0.196951 0.912911
0 0.203898 0.287775 0.0566514 0.0805088 0.904695
0 0.729265 0.401737 0.0708525 0.109705 0.89724
0 0.0296161 0.35033 0.0575041 0.103502 0.89721
0 0.856065 0.693234 0.132807 0.173223 0.893092
0 0.618444 0.457712 0.0905957 0.117851 0.888676
0 0.329852 0.241844 0.0535398 0.0738364 0.885831
0 0.15666 0.23083 0.0522115 0.0787495 0.883073
0 0.0839625 0.29289 0.0617801 0.0813981 0.880723
0 0.283516 0.389802 0.0684443 0.102325 0.880074
0 0.253341 0.227624 0.0494307 0.0695834 0.872614
0 0.110217 0.51822 0.0831617 0.117435 0.865679
0 0.150375 0.35991 0.0658048 0.0892101 0.851017
0 0.295158 0.578925 0.105921 0.162282 0.849962
0 0.94462 0.582807 0.109641 0.146458 0.842928
0 0.113579 0.737845 0.125296 0.176109 0.842407
0 0.139593 0.459954 0.0770749 0.10762 0.839843
0 0.116301 0.401187 0.0632833 0.101425 0.838766
0 0.63285 0.19371 0.045285 0.0693335 0.829406
0 0.531329 0.260688 0.0524614 0.0860497 0.826518
0 0.664612 0.157055 0.0408362 0.0619964 0.821682
0 0.295641 0.194472 0.0432109 0.0610147 0.808916
0 0.641542 0.295904 0.0616245 0.0872036 0.807519
0 0.783924 0.226983 0.121338 0.275743 0.796115
0 0.339201 0.162997 0.0449763 0.0634199 0.776912
0 0.547307 0.208775 0.0457582 0.072182 0.77289
0 0.686149 0.128544 0.036516 0.0532774 0.739538
0 0.643761 0.247472 0.0586367 0.0581429 0.690824
0 0.847037 0.052398 0.0433344 0.0839431 0.687363
0 0.808729 0.0537107 0.0298174 0.0504659 0.66547
0 0.714872 0.105354 0.0341024 0.0574015 0.66051
0 0.575913 0.162951 0.0362988 0.0660665 0.608635
0 0.263649 0.16564 0.0385219 0.0533422 0.579041
0 0.397465 0.172933 0.0392813 0.0581224 0.440628
0 0.836541 0.693724 0.0923035 0.173675 0.307876
0 0.381655 0.0988092 0.0572566 0.0909956 0.272624
