0 0.72958 0.408102 0.0761528 0.12023 0.91095
0 0.908106 0.517223 0.0907608 0.127664 0.900273
0 0.6932 0.289583 0.0562939 0.0835136 0.890984
0 0.77809 0.346562 0.0593649 0.0901476 0.88977
0 0.741695 0.23134 0.0504267 0.0699742 0.879336
0 0.913403 0.285052 0.0597111 0.0898917 0.875811
0 0.856689 0.240191 0.0560112 0.0719307 0.873954
0 0.653288 0.907943 0.0764877 0.156296 0.871423
0 0.246682 0.227571 0.0536642 0.0762732 0.866482
0 0.368998 0.249039 0.0522086 0.0796757 0.86634
0 0.859558 0.393258 0.0672527 0.0957276 0.86497
0 0.83131 0.309463 0.053017 0.0826258 0.864457
0 0.449963 0.352836 0.0677516 0.111778 0.864246
0 0.723953 0.539279 0.0974581 0.135037 0.862041
0 0.775967 0.191628 0.0465805 0.0727087 0.859994
0 0.16152 0.701462 0.092266 0.162168 0.850127
0 0.296621 0.388103 0.0794277 0.10507 0.848527
0 0.315722 0.335023 0.066542 0.0926469 0.846515
0 0.227583 0.289759 0.057435 0.0875498 0.828805
0 0.687275 0.182316 0.0431938 0.0622221 0.827217
0 0.123278 0.550861 0.0937079 0.137057 0.81957
0 0.354417 0.200264 0.0460708 0.0648563 0.818514
0 0.463669 0.277549 0.0577696 0.0862504 0.814149
0 0.262789 0.170137 0.0502623 0.105807 0.812522
0 0.192592 0.0772098 0.0497035 0.0915757 0.807468
0 0.607651 0.182187 0.0432464 0.0630468 0.797676
0 0.321835 0.138838 0.0437182 0.066033 0.756313
0 0.798012 0.27383 0.0538211 0.0609721 0.748572
0 0.250212 0.0873586 0.0322145 0.0482938 0.722748
0 0.642898 0.157341 0.0406515 0.0621113 0.700964
0 0.656885 0.981891 0.0557795 0.036105 0.651056
0 0.341456 0.166342 0.0424821 0.0582188 0.595625
0 0.264346 0.184654 0.0477908 0.0789149 0.508208
0 0.127017 0.318612 0.152885 0.287616 0.455093
0 0.668725 0.132597 0.0382339 0.0567319 0.352035
0 0.45296 0.215448 0.0545553 0.0841642 0.337349
0 0.125001 0.360122 0.14873 0.207559 0.27238
0 0.260076 0.158017 0.0480922 0.0797317 0.271732
