0 0.435171 0.857057 0.145962 0.190341 0.918265
0 0.955161 0.463623 0.0887476 0.133122 0.915339
0 0.279822 0.499303 0.0787193 0.111534 0.904942
0 0.70597 0.365269 0.0749418 0.100451 0.885499
0 0.326794 0.621322 0.107076 0.166292 0.883955
0 0.288117 0.304732 0.0598636 0.0848712 0.881201
0 0.24329 0.229611 0.0521229 0.0953258 0.876432
0 0.306838 0.147239 0.0768157 0.142861 0.862615
0 0.653374 0.282017 0.0602327 0.090445 0.861209
0 0.225115 0.130112 0.0895862 0.180726 0.858366
0 0.736507 0.240599 0.0538886 0.0816277 0.857775
0 0.117267 0.691708 0.113307 0.176029 0.842303
0 0.130771 0.533236 0.130499 0.218472 0.833386
0 0.390269 0.190917 0.0448649 0.0635183 0.815723
0 0.649107 0.182731 0.0495224 0.077805 0.811981
0 0.782113 0.0793314 0.0563114 0.10804 0.806262
0 0.713106 0.0965573 0.0439452 0.101118 0.795596
0 0.651594 0.110006 0.0405361 0.0601664 0.686846
0 0.550855 0.987517 0.1356 0.0236744 0.485592
0 0.422302 0.160327 0.0454389 0.0557529 0.350738
0 0.115695 0.405991 0.0861148 0.0550333 0.347885
