0 0.0560121 0.782136 0.1109 0.184664 0.906065
0 0.278665 0.433033 0.08367 0.126324 0.904071
0 0.733951 0.662191 0.115119 0.153096 0.903658
0 0.0542655 0.434141 0.0986537 0.138898 0.903613
0 0.326145 0.524819 0.0957015 0.129757 0.891896
0 0.203395 0.615579 0.10955 0.155501 0.885427
0 0.131148 0.527525 0.103785 0.138121 0.871014
0 0.341461 0.312389 0.0563031 0.0887867 0.868019
0 0.244296 0.235826 0.0770158 0.136538 0.864323
0 0.206539 0.105337 0.0406855 0.0559248 0.823545
0 0.684932 0.177756 0.0484265 0.0645736 0.81236
0 0.429386 0.171084 0.0455621 0.0665786 0.799171
0 0.33831 0.160377 0.0440485 0.0648734 0.795843
0 0.366314 0.276129 0.0566957 0.0788879 0.761686
0 0.282584 0.108493 0.0350461 0.0523758 0.742178
0 0.986275 0.823882 0.026733 0.030319 0.677981
0 0.254489 0.142213 0.0403605 0.0395464 0.677211
0 0.170255 0.0732642 0.0361963 0.0511211 0.66616
0 0.254342 0.0860558 0.0356123 0.0497038 0.644793
0 0.324034 0.124801 0.0346542 0.0714114 0.43956
0 0.632211 0.115159 0.0347292 0.0574589 0.387785
