0 0.100465 0.469556 0.0838652 0.12005 0.912543
0 0.152358 0.362325 0.0659594 0.0884145 0.903796
0 0.568738 0.391312 0.0777554 0.12107 0.897493
0 0.738426 0.428711 0.0877186 0.112762 0.894176
0 0.107051 0.268039 0.0567348 0.08666 0.890167
0 0.709303 0.371916 0.0716269 0.105768 0.889817
0 0.319334 0.263234 0.0552911 0.0789343 0.884732
0 0.272787 0.367965 0.0702554 0.108412 0.88382
0 0.26647 0.480297 0.0878358 0.121179 0.883184
0 0.95619 0.619824 0.0857544 0.156653 0.860956
0 0.250809 0.317543 0.0576627 0.087357 0.856766
0 0.189633 0.287073 0.0553193 0.0774639 0.855526
0 0.791812 0.312997 0.065385 0.0944051 0.853225
0 0.544183 0.306725 0.0613894 0.0990878 0.846072
0 0.277398 0.215639 0.0478233 0.0702024 0.844786
0 0.636235 0.270349 0.0574577 0.085577 0.84155
0 0.757255 0.244927 0.0531966 0.0761232 0.834896
0 0.967769 0.841378 0.0641369 0.199359 0.831919
0 0.163955 0.225981 0.0527126 0.0728603 0.825931
0 0.333942 0.167632 0.0426661 0.0643993 0.803161
0 0.736914 0.183537 0.0500298 0.112038 0.798466
0 0.221257 0.26013 0.0502404 0.0692249 0.796014
0 0.246151 0.179286 0.044421 0.070005 0.781276
0 0.666289 0.150348 0.0428568 0.0670286 0.771355
0 0.795289 0.0860062 0.0473367 0.0934595 0.768905
0 0.64283 0.215248 0.0496201 0.067592 0.73869
0 0.380408 0.145155 0.0381313 0.0587431 0.713068
0 0.731189 0.0966036 0.0345165 0.0530036 0.712859
0 0.284101 0.748757 0.064086 0.143459 0.707813
0 0.759351 0.0809377 0.0267179 0.0463056 0.6439
0 0.539022 0.236467 0.0524194 0.0776637 0.61483
0 0.855218 0.0651636 0.0327942 0.0491127 0.579434
0 0.661592 0.155409 0.0390587 0.069625 0.500428
0 0.654414 0.174512 0.0397459 0.0445373 0.337289
0 0.418122 0.163134 0.0433329 0.065142 0.275423
0 0.353206 0.12481 0.0340775 0.0531215 0.257322
