0 0.126751 0.459377 0.0734282 0.117577 0.926472
0 0.107909 0.561067 0.0906835 0.134789 0.920895
0 0.458053 0.895166 0.152664 0.202849 0.920623
0 0.141539 0.376445 0.0722219 0.100849 0.919559
0 0.25142 0.202986 0.075949 0.113797 0.917296
0 0.139477 0.221953 0.0792931 0.123476 0.906351
0 0.15465 0.765389 0.120987 0.18185 0.900613
0 0.282693 0.485642 0.0851431 0.115113 0.896794
0 0.264089 0.407288 0.0703281 0.103298 0.896038
0 0.369993 0.199452 0.048704 0.0754545 0.886463
0 0.0775711 0.308107 0.0585236 0.0771148 0.872325
0 0.288172 0.290676 0.0597406 0.083679 0.86772
0 0.617267 0.338876 0.0802174 0.128385 0.851859
0 0.646759 0.211297 0.0502382 0.0747782 0.846094
0 0.0225256 0.363437 0.0450512 0.091406 0.841988
0 0.220092 0.25957 0.0594205 0.0823492 0.829305
0 0.341666 0.243391 0.05275 0.0702268 0.818861
0 0.758437 0.280736 0.0860611 0.160698 0.817186
0 0.58988 0.2634 0.0531038 0.0948051 0.806941
0 0.662222 0.15124 0.0364918 0.0576384 0.775083
0 0.555926 0.211764 0.0597244 0.0832332 0.749834
0 0.346124 0.16489 0.0460741 0.0565761 0.744087
0 0.710131 0.110871 0.0362579 0.0569001 0.721752
0 0.799029 0.0959176 0.0277773 0.0602188 0.443646
0 0.703556 0.0748179 0.032247 0.0448543 0.372902
0 0.415057 0.172093 0.0416735 0.0533479 0.347134
