0 0.13263 0.398767 0.102678 0.161747 0.926667
0 0.112471 0.502748 0.0871525 0.133916 0.918535
0 0.304861 0.678704 0.116064 0.157096 0.900727
0 0.303558 0.560041 0.0972647 0.127314 0.898682
0 0.884545 0.540821 0.109349 0.135429 0.898419
0 0.184966 0.876357 0.149593 0.21753 0.896802
0 0.304831 0.182223 0.0468265 0.0828429 0.888133
0 0.271082 0.432097 0.0827624 0.120583 0.872482
0 0.783936 0.321797 0.0683584 0.0954771 0.871079
0 0.724949 0.392682 0.0805203 0.113084 0.862113
0 0.29315 0.099203 0.088351 0.158087 0.861013
0 0.339406 0.23285 0.0513761 0.0688718 0.859449
0 0.643195 0.253561 0.0606413 0.0969091 0.857999
0 0.753872 0.104251 0.0564827 0.126698 0.843996
0 0.277976 0.353357 0.0609303 0.0688343 0.84277
0 0.692616 0.131332 0.0494405 0.113291 0.791294
0 0.645441 0.116069 0.0389714 0.0616916 0.767455
0 0.170062 0.324339 0.0679041 0.0784985 0.749725
0 0.37308 0.112899 0.0731399 0.134756 0.714009
0 0.01999 0.406797 0.03998 0.18939 0.688417
0 0.590301 0.158022 0.0451492 0.0599335 0.495104
0 0.842603 0.0471304 0.0524918 0.0942608 0.418442
0 0.537497 0.0748676 0.0338662 0.048392 0.371894
