0 0.21657 0.475073 0.0948194 0.126444 0.916873
0 0.39902 0.43915 0.083172 0.130607 0.903978
0 0.740633 0.430031 0.0825869 0.111133 0.902616
0 0.871225 0.24902 0.0554386 0.0853836 0.896297
0 0.257321 0.406937 0.0804364 0.112406 0.893403
0 0.888249 0.426116 0.0766419 0.108125 0.886642
0 0.185136 0.335904 0.0676179 0.100514 0.881643
0 0.66508 0.239138 0.0513075 0.0746094 0.881491
0 0.35143 0.294379 0.0607734 0.0885819 0.878125
0 0.704138 0.199859 0.0440383 0.0673911 0.873643
0 0.83409 0.331185 0.0634518 0.0913027 0.85086
0 0.79384 0.265736 0.051848 0.075215 0.847085
0 0.234792 0.263019 0.058355 0.0848302 0.846143
0 0.7214 0.312025 0.0676043 0.133108 0.843493
0 0.288211 0.107659 0.035477 0.0580354 0.837339
0 0.217251 0.0919441 0.0493487 0.10108 0.83531
0 0.816237 0.211381 0.0519173 0.0682045 0.827257
0 0.440715 0.346436 0.0680353 0.104514 0.825293
0 0.261581 0.219683 0.0519506 0.0749291 0.807043
0 0.358245 0.237329 0.0508327 0.0734521 0.803525
0 0.762481 0.242694 0.048012 0.0681002 0.792129
0 0.269717 0.177377 0.0495585 0.0746745 0.790548
0 0.465565 0.263574 0.0531218 0.0823561 0.787837
0 0.734878 0.167303 0.0402035 0.0663433 0.782699
0 0.344443 0.165309 0.0474023 0.069687 0.761847
0 0.644577 0.155272 0.0414868 0.0621233 0.69597
0 0.155273 0.0710147 0.0351218 0.0552161 0.681139
0 0.354462 0.190277 0.0455276 0.0477024 0.615614
0 0.256749 0.094108 0.0342374 0.047581 0.569164
0 0.444752 0.202083 0.0481089 0.0863513 0.461991
0 0.74984 0.630082 0.052866 0.133562 0.407729
0 0.0578862 0.417084 0.115464 0.27577 0.35877
0 0.433763 0.290107 0.0239415 0.03379 0.330972
0 0.599516 0.13464 0.0297318 0.0543786 0.277336
0 0.747931 0.655772 0.0561886 0.085088 0.275997
