0 0.69821 0.394168 0.0801437 0.124829 0.899027
0 0.293094 0.192957 0.0508947 0.0671962 0.89381
0 0.721609 0.542141 0.0959878 0.141648 0.89043
0 0.321418 0.776958 0.135198 0.178919 0.883667
0 0.895492 0.397637 0.0894146 0.132315 0.863793
0 0.821556 0.668168 0.120206 0.156019 0.852325
0 0.645383 0.285507 0.0560445 0.084418 0.850274
0 0.968528 0.48102 0.0629446 0.123485 0.847654
0 0.62229 0.467376 0.090667 0.119947 0.846696
0 0.961701 0.615978 0.0765974 0.156536 0.845275
0 0.747632 0.213728 0.0725995 0.140641 0.832738
0 0.805375 0.472509 0.0880331 0.126832 0.824121
0 0.804608 0.097074 0.0388893 0.0557095 0.817658
0 0.673482 0.145043 0.0407081 0.0613865 0.817385
0 0.847746 0.0663685 0.0315395 0.0453585 0.761727
0 0.625463 0.254143 0.0569792 0.0769348 0.726962
0 0.738836 0.094274 0.0373458 0.0479576 0.724666
0 0.345909 0.12378 0.0392843 0.0615276 0.677726
0 0.589633 0.15218 0.0436957 0.0619261 0.662107
0 0.359882 0.197463 0.0303492 0.0680096 0.535476
0 0.370738 0.155623 0.0383996 0.0583421 0.463603
0 0.0194112 0.955163 0.0385959 0.0427303 0.426526
0 0.514763 0.114289 0.0355579 0.050858 0.375529
0 0.691363 0.116993 0.0331638 0.064594 0.349744
0 0.407871 0.167189 0.0424168 0.0611167 0.341471
0 0.766595 0.0752948 0.0317077 0.0503569 0.282146
0 0.020402 0.962666 0.040804 0.0555115 0.277485
