0 0.192305 0.257931 0.0850075 0.127231 0.960155
0 0.128899 0.773191 0.11823 0.179813 0.912916
0 0.310935 0.263455 0.0585999 0.0843873 0.906943
0 0.0736382 0.278381 0.0849989 0.137879 0.904003
0 0.253159 0.382666 0.0695677 0.103609 0.903151
0 0.126577 0.609773 0.0930184 0.138177 0.886235
0 0.347292 0.692982 0.12094 0.149751 0.884145
0 0.113625 0.495954 0.0882569 0.133993 0.874666
0 0.35263 0.225151 0.047824 0.063726 0.874097
0 0.295986 0.565479 0.091269 0.132216 0.873502
0 0.793433 0.443486 0.0949251 0.140483 0.869588
0 0.296738 0.323541 0.0597562 0.084517 0.866744
0 0.171684 0.325919 0.0656423 0.0982886 0.86482
0 0.276292 0.212343 0.0530576 0.0627001 0.845771
0 0.025894 0.385534 0.0507145 0.0898077 0.800877
0 0.713216 0.210938 0.0634661 0.141055 0.790593
0 0.661573 0.163077 0.0433162 0.0637163 0.775025
0 0.557956 0.262623 0.0583824 0.0821084 0.768574
0 0.783762 0.073154 0.0656466 0.121506 0.768485
0 0.588879 0.194144 0.0476056 0.0759654 0.72112
0 0.837105 0.0715435 0.0340679 0.049819 0.669051
0 0.401824 0.0654923 0.061422 0.129343 0.329244
0 0.690018 0.0359186 0.0293282 0.0465133 0.255349
