0 0.174702 0.302792 0.0636037 0.085914 0.899624
0 0.688323 0.334458 0.0667738 0.0970799 0.895748
0 0.750685 0.417334 0.082539 0.114569 0.879344
0 0.289502 0.288518 0.0597402 0.0842902 0.876905
0 0.771857 0.298954 0.0665363 0.0935906 0.87627
0 0.216043 0.190359 0.0483311 0.071607 0.86912
0 0.928033 0.762887 0.143078 0.202537 0.86426
0 0.834618 0.357205 0.0704231 0.101905 0.861764
0 0.964435 0.471748 0.0711306 0.128023 0.855011
0 0.235907 0.243899 0.0514515 0.0711268 0.854433
0 0.748804 0.247102 0.0597378 0.0973823 0.849305
0 0.336009 0.232967 0.0549111 0.0815512 0.838705
0 0.58576 0.391292 0.074757 0.120816 0.822391
0 0.715051 0.550568 0.108086 0.15384 0.821588
0 0.650987 0.276818 0.0604468 0.0829007 0.819722
0 0.748557 0.13335 0.0539642 0.108851 0.807714
0 0.634283 0.234982 0.0567719 0.0860953 0.799865
0 0.655027 0.16315 0.0411303 0.0609391 0.785003
0 0.289993 0.198142 0.0448674 0.062423 0.781945
0 0.548951 0.339558 0.0645218 0.0938869 0.765527
0 0.368888 0.204291 0.0440269 0.0636747 0.76133
0 0.79135 0.105592 0.0361839 0.057706 0.743591
0 0.816351 0.0838864 0.0335839 0.04889 0.742188
0 0.673482 0.141892 0.0389341 0.056708 0.689752
0 0.527342 0.268786 0.0526289 0.083122 0.664358
0 0.270323 0.161599 0.0449184 0.0624887 0.639583
0 0.379596 0.146589 0.0394001 0.0554356 0.638482
0 0.556204 0.287298 0.0537443 0.0709703 0.636252
0 0.34806 0.126704 0.0347003 0.0582427 0.460029
0 0.976585 0.627918 0.0468301 0.145839 0.434056
0 0.318742 0.177866 0.0407694 0.0549017 0.36515
0 0.725809 0.0702398 0.037476 0.0485695 0.335519
