0 0.353135 0.736532 0.110922 0.156126 0.909994
0 0.159671 0.163534 0.092414 0.200951 0.902782
0 0.948196 0.457821 0.0911619 0.125841 0.898241
0 0.24656 0.19372 0.0860607 0.164006 0.88035
0 0.180036 0.297492 0.0606621 0.112397 0.879725
0 0.257626 0.401234 0.0686107 0.104245 0.876285
0 0.808825 0.348513 0.0708055 0.108584 0.875826
0 0.68377 0.13368 0.0443807 0.0647966 0.86787
0 0.3685 0.148103 0.0423285 0.0611381 0.867327
0 0.731878 0.181042 0.0461205 0.0663128 0.867221
0 0.651682 0.261422 0.0582087 0.0818616 0.866839
0 0.653624 0.200547 0.0502634 0.0687569 0.838719
0 0.327855 0.249612 0.0527417 0.0705227 0.832668
0 0.353775 0.216268 0.0508971 0.0674392 0.830418
0 0.224502 0.957876 0.172051 0.0842489 0.811321
0 0.168239 0.767955 0.182359 0.28715 0.782742
0 0.753408 0.0682994 0.0419243 0.0881677 0.769446
0 0.829103 0.0569378 0.0533346 0.0907458 0.76812
0 0.510982 0.92997 0.17451 0.140059 0.712573
0 0.122252 0.588971 0.0995945 0.124081 0.676996
0 0.719243 0.0771279 0.033275 0.0501054 0.483916
0 0.783706 0.0493217 0.0280172 0.0461962 0.464079
0 0.672293 0.0419494 0.0259115 0.0391977 0.370183
0 0.463841 0.14222 0.040419 0.0533113 0.293665
