0 0.929879 0.445628 0.0886993 0.12273 0.917282
0 0.66781 0.482498 0.0857209 0.123804 0.91493
0 0.409517 0.909667 0.153792 0.179583 0.900094
0 0.270825 0.208047 0.053312 0.0676391 0.892569
0 0.67672 0.358008 0.0729726 0.119292 0.884466
0 0.759048 0.430892 0.0831303 0.121306 0.876091
0 0.745004 0.196667 0.0701672 0.135664 0.873242
0 0.734231 0.583437 0.108834 0.141371 0.866279
0 0.844395 0.36516 0.0659637 0.125922 0.857241
0 0.933959 0.745345 0.132082 0.197141 0.85492
0 0.588582 0.423857 0.0762335 0.107569 0.850843
0 0.817814 0.088461 0.0394157 0.0539548 0.830204
0 0.900057 0.547242 0.104677 0.14322 0.822455
0 0.63698 0.262056 0.0530562 0.0772367 0.806499
0 0.612367 0.136913 0.0382904 0.0581208 0.79638
0 0.686397 0.133957 0.0408356 0.0589447 0.795306
0 0.384436 0.182766 0.0470628 0.0654057 0.785591
0 0.3252 0.133447 0.0412979 0.0638105 0.761458
0 0.759587 0.0869981 0.0355293 0.0510691 0.682362
0 0.346403 0.167014 0.0366652 0.0556381 0.664337
0 0.763111 0.132497 0.0368231 0.0549346 0.662259
0 0.789378 0.0663106 0.0290588 0.0438509 0.634978
0 0.707016 0.101799 0.0324942 0.0630861 0.611254
0 0.625144 0.230733 0.0569675 0.0697689 0.291869
0 0.76116 0.111893 0.0372166 0.0941766 0.27935
0 0.859712 0.0601275 0.0200111 0.0429533 0.263703
