0 0.711502 0.565231 0.106866 0.162027 0.906613
0 0.753929 0.256134 0.0589434 0.079553 0.900561
0 0.140867 0.356268 0.067433 0.0945924 0.891877
0 0.198636 0.286728 0.0571731 0.0793331 0.889019
0 0.83565 0.500608 0.0809265 0.12449 0.886513
0 0.656994 0.282936 0.0626329 0.0839407 0.882788
0 0.30456 0.276819 0.0567891 0.0921185 0.874751
0 0.264885 0.352051 0.0668897 0.0960392 0.864736
0 0.246309 0.229009 0.0473753 0.0674025 0.863549
0 0.172343 0.217774 0.0519363 0.0762432 0.86307
0 0.791728 0.306361 0.0656225 0.091744 0.856638
0 0.686443 0.351948 0.0715603 0.0987451 0.849654
0 0.878899 0.395845 0.0811691 0.106127 0.849604
0 0.608516 0.413885 0.0842968 0.154187 0.841585
0 0.6803 0.135825 0.038205 0.0580174 0.828858
0 0.37764 0.200245 0.0468944 0.0639321 0.822284
0 0.764705 0.11407 0.0524984 0.0993484 0.818987
0 0.546089 0.32125 0.0676011 0.0974654 0.816492
0 0.736222 0.209579 0.054789 0.0858351 0.810212
0 0.925842 0.591462 0.106925 0.151575 0.799519
0 0.334757 0.173694 0.0408664 0.0611974 0.76167
0 0.276201 0.208099 0.0462999 0.0606168 0.750187
0 0.306133 0.145914 0.0371553 0.0651978 0.747568
0 0.642207 0.234891 0.0541506 0.0753419 0.745862
0 0.706952 0.11703 0.0337936 0.0492369 0.743355
0 0.326353 0.240853 0.0482827 0.0699256 0.741575
0 0.816987 0.091204 0.0345602 0.0511747 0.741012
0 0.642442 0.186024 0.0469095 0.0570131 0.731868
0 0.226725 0.185648 0.0469984 0.0636976 0.721538
0 0.545024 0.229672 0.0569098 0.0741631 0.686025
0 0.228554 0.473112 0.0445562 0.115524 0.625741
0 0.843574 0.0683143 0.0316116 0.0421187 0.279691
