0 0.665015 0.462059 0.0957739 0.141363 0.919153
0 0.107315 0.707306 0.11049 0.160503 0.907365
0 0.720081 0.38534 0.0742655 0.11158 0.89962
0 0.0723789 0.582334 0.0925953 0.133077 0.893009
0 0.110441 0.520558 0.0899464 0.119752 0.890694
0 0.146327 0.395706 0.0697818 0.104409 0.888944
0 0.0815303 0.301752 0.0594445 0.0942011 0.884289
0 0.741328 0.163075 0.0831144 0.221658 0.87618
0 0.530661 0.295839 0.0601531 0.0845086 0.874182
0 0.187138 0.307037 0.056749 0.0827349 0.872306
0 0.270907 0.360428 0.0669525 0.0995512 0.867106
0 0.326475 0.6249 0.100434 0.152803 0.858677
0 0.220627 0.26172 0.0481589 0.0748823 0.854572
0 0.577855 0.39643 0.0777281 0.116578 0.849907
0 0.259113 0.220226 0.0508394 0.076329 0.845758
0 0.354699 0.211423 0.0486622 0.0645282 0.828992
0 0.136881 0.814695 0.126387 0.177718 0.828182
0 0.658414 0.281283 0.0557961 0.0897045 0.819967
0 0.910435 0.574763 0.114629 0.157076 0.816778
0 0.376937 0.148605 0.0449642 0.0629692 0.816518
0 0.174526 0.219832 0.0482326 0.0676083 0.806405
0 0.0238246 0.388098 0.0474404 0.101402 0.803918
0 0.635624 0.207809 0.0505917 0.0710616 0.79446
0 0.323165 0.247121 0.0552066 0.0719661 0.792319
0 0.295776 0.134194 0.0647923 0.0984698 0.788907
0 0.571371 0.173473 0.0431968 0.0667046 0.776822
0 0.811015 0.0817356 0.0368889 0.0594231 0.754184
0 0.583904 0.97834 0.15205 0.0416033 0.727813
0 0.671698 0.133861 0.040604 0.0603477 0.717628
0 0.649413 0.179082 0.0448262 0.0615909 0.711816
0 0.605 0.133179 0.0339983 0.0714752 0.664566
0 0.959118 0.441457 0.0817645 0.218258 0.639513
0 0.789523 0.107333 0.0346538 0.050867 0.636133
0 0.224151 0.192008 0.0353888 0.0548804 0.569868
