0 0.202789 0.458987 0.0869524 0.124776 0.889272
0 0.805927 0.280788 0.0600847 0.0810896 0.887928
0 0.283849 0.367265 0.0739327 0.10532 0.887067
0 0.378567 0.434541 0.081831 0.126185 0.886252
0 0.693802 0.26375 0.0570206 0.0786012 0.883182
0 0.198652 0.634493 0.12249 0.172554 0.882492
0 0.24095 0.26602 0.062389 0.0983454 0.878904
0 0.745053 0.226645 0.0497088 0.0692589 0.874527
0 0.644671 0.213049 0.0511591 0.0784888 0.874104
0 0.762177 0.177196 0.0462744 0.069 0.861838
0 0.339607 0.300998 0.0628519 0.0905996 0.860697
0 0.210068 0.321204 0.0679036 0.0971666 0.858822
0 0.36274 0.25486 0.0578213 0.0881272 0.856111
0 0.257305 0.149782 0.056577 0.101682 0.847247
0 0.194829 0.0931115 0.0341538 0.0470266 0.810788
0 0.690918 0.182978 0.0415867 0.0616013 0.80541
0 0.436525 0.375365 0.0661407 0.0985693 0.792717
0 0.355402 0.181926 0.0403901 0.0583567 0.770729
0 0.475115 0.29382 0.0492221 0.085743 0.769254
0 0.219195 0.116374 0.034555 0.0553714 0.73147
0 0.343198 0.156463 0.0434295 0.0568018 0.727658
0 0.190626 0.534293 0.0442953 0.0532163 0.674725
0 0.141441 0.386171 0.0551131 0.107145 0.661643
0 0.6095 0.18478 0.0421488 0.0622886 0.55415
0 0.301315 0.0833454 0.0348401 0.0501333 0.549939
0 0.221111 0.0608191 0.0313025 0.0568024 0.500698
0 0.660849 0.15748 0.0376343 0.0399673 0.41335
0 0.435213 0.311071 0.0580229 0.0697997 0.410031
0 0.707822 0.150519 0.0434678 0.0575691 0.36826
0 0.213101 0.112805 0.0468529 0.0578247 0.328725
0 0.629648 0.118495 0.033185 0.0581702 0.307099
0 0.156058 0.0478638 0.0266573 0.046055 0.276995
0 0.251566 0.0847309 0.0344138 0.0412872 0.261331
