0 0.248879 0.424744 0.0762453 0.108916 0.920198
0 0.401058 0.803129 0.134201 0.177697 0.907462
0 0.152594 0.877984 0.131755 0.200893 0.906809
0 0.111101 0.541447 0.0978694 0.134708 0.89438
0 0.177276 0.280358 0.0840437 0.133829 0.892606
0 0.736032 0.391816 0.0876743 0.130794 0.887936
0 0.295098 0.28362 0.0588053 0.0921852 0.885117
0 0.333167 0.244607 0.052206 0.0685311 0.882016
0 0.288354 0.359337 0.0671251 0.0870476 0.88155
0 0.254396 0.231732 0.0547295 0.0683434 0.871796
0 0.135189 0.684305 0.10918 0.158925 0.854363
0 0.158381 0.351977 0.0684651 0.100415 0.853516
0 0.323543 0.640216 0.0989692 0.146696 0.850303
0 0.053123 0.296508 0.0863576 0.150865 0.843873
0 0.554102 0.238608 0.0539448 0.076317 0.822558
0 0.975602 0.490968 0.0487957 0.127763 0.778451
0 0.703921 0.190452 0.0564632 0.134507 0.770701
0 0.0170982 0.413721 0.0341964 0.0962391 0.762177
0 0.415831 0.166339 0.0420526 0.0580141 0.75153
0 0.797947 0.0638195 0.0652243 0.125941 0.750772
0 0.667432 0.147266 0.0356249 0.0603312 0.739984
0 0.380433 0.0720516 0.0613607 0.142635 0.712645
0 0.610489 0.137034 0.0402882 0.0645229 0.68318
0 0.595684 0.17712 0.045536 0.0684358 0.60465
0 0.684715 0.0898562 0.0421669 0.0495402 0.554521
0 0.398205 0.127346 0.0361456 0.0723218 0.504961
0 0.851012 0.0649434 0.0329645 0.0457607 0.473967
0 0.658084 0.0403657 0.0324677 0.0457511 0.448496
0 0.741284 0.1481 0.0527961 0.146469 0.409331
