0 0.11875 0.471052 0.0791347 0.109819 0.894293
0 0.27963 0.510328 0.0929515 0.147225 0.890774
0 0.180533 0.216831 0.0513 0.0749723 0.888454
0 0.319277 0.704979 0.124932 0.167758 0.887435
0 0.165264 0.416977 0.0762624 0.0981995 0.886987
0 0.221537 0.268099 0.0550833 0.0798332 0.879794
0 0.764409 0.44329 0.0754155 0.119413 0.876174
0 0.287787 0.355094 0.0661103 0.0977164 0.875602
0 0.132977 0.365281 0.0624083 0.0887115 0.875045
0 0.104321 0.274321 0.0593181 0.0773515 0.871871
0 0.0973874 0.649061 0.10808 0.150765 0.863624
0 0.673739 0.522684 0.100648 0.128345 0.862345
0 0.0453044 0.328281 0.0633427 0.095526 0.861019
0 0.629777 0.208634 0.0492395 0.0727544 0.856762
0 0.167548 0.328015 0.0595098 0.0806923 0.853863
0 0.530868 0.289691 0.0568072 0.0942662 0.841513
0 0.350153 0.220838 0.0511527 0.0716672 0.840039
0 0.65828 0.171394 0.0426332 0.06339 0.833381
0 0.272323 0.211332 0.0477085 0.067856 0.832644
0 0.655707 0.325771 0.0669714 0.0966599 0.817861
0 0.315747 0.182777 0.0392878 0.0612314 0.773708
0 0.36313 0.150354 0.0448319 0.0620264 0.77237
0 0.541705 0.230793 0.0470541 0.0748562 0.76593
0 0.70278 0.118557 0.0368235 0.0612069 0.759704
0 0.572864 0.180243 0.0491471 0.069955 0.752151
0 0.789585 0.0656081 0.0323188 0.050799 0.736795
0 0.652046 0.269393 0.0624222 0.0610288 0.728127
0 0.675566 0.14026 0.0377377 0.0540982 0.726268
0 0.969965 0.83676 0.0600691 0.202173 0.572047
0 0.811335 0.246404 0.130811 0.286154 0.529667
0 0.285858 0.155764 0.0373167 0.0556934 0.502337
0 0.73745 0.251514 0.0282478 0.0742966 0.49784
0 0.970257 0.866893 0.0594858 0.147215 0.442224
0 0.613948 0.141652 0.0371494 0.0690438 0.386867
0 0.838092 0.0636381 0.0524143 0.0876747 0.322334
0 0.994206 0.671157 0.011588 0.120646 0.290452
0 0.994121 0.656786 0.0117579 0.0768909 0.259196
