0 0.765981 0.219845 0.076708 0.12129 0.948877
0 0.733594 0.454122 0.074681 0.112397 0.922862
0 0.045647 0.590608 0.090707 0.17776 0.911351
0 0.705313 0.53908 0.0893992 0.127145 0.906219
0 0.881841 0.239322 0.0797165 0.131712 0.900814
0 0.891506 0.618141 0.0997652 0.143368 0.895672
0 0.814597 0.870701 0.134394 0.202435 0.883755
0 0.869165 0.41103 0.0792675 0.112595 0.88011
0 0.675997 0.267501 0.0554038 0.0727545 0.874594
0 0.726268 0.31458 0.0620226 0.0906416 0.872461
0 0.87571 0.503835 0.0814171 0.115109 0.870324
0 0.652239 0.217463 0.0527555 0.074777 0.864584
0 0.351805 0.19542 0.0479214 0.0713253 0.862059
0 0.410475 0.319364 0.0682026 0.0916071 0.858632
0 0.942319 0.330663 0.0618298 0.0801956 0.850096
0 0.79993 0.280969 0.0568096 0.0841799 0.840419
0 0.677886 0.17952 0.0474384 0.0621938 0.829071
0 0.256645 0.256568 0.0767699 0.152341 0.797387
0 0.436217 0.192753 0.0485596 0.0784764 0.797165
0 0.325272 0.138386 0.035442 0.0562904 0.748748
0 0.987426 0.392445 0.0251476 0.0950645 0.734035
0 0.608709 0.187208 0.0404118 0.0592485 0.722224
0 0.41243 0.982241 0.152544 0.0353561 0.719274
0 0.188201 0.0885173 0.0301584 0.0498936 0.71915
0 0.415608 0.239438 0.0501109 0.0872725 0.672747
0 0.381915 0.131291 0.0440996 0.0527787 0.661934
0 0.234597 0.0821966 0.0638011 0.154201 0.650603
