0 0.852493 0.51148 0.0975628 0.135253 0.922926
0 0.772054 0.28637 0.0690725 0.104665 0.911334
0 0.745052 0.401058 0.0792245 0.111517 0.901508
0 0.664565 0.490289 0.0919601 0.13791 0.899003
0 0.67507 0.327435 0.0680874 0.0944525 0.892565
0 0.209306 0.260392 0.0586543 0.0779633 0.89002
0 0.811845 0.348654 0.0719822 0.102733 0.889127
0 0.324055 0.24023 0.0559948 0.0756533 0.877183
0 0.907248 0.422719 0.0806057 0.120045 0.859246
0 0.27754 0.2099 0.0455563 0.0627315 0.85732
0 0.642513 0.277434 0.0608714 0.0955741 0.856179
0 0.531598 0.319579 0.060463 0.0924377 0.841055
0 0.258574 0.166253 0.045349 0.0668191 0.838405
0 0.739653 0.161129 0.0560668 0.10741 0.837597
0 0.587497 0.414764 0.0767203 0.101861 0.814789
0 0.672907 0.0964148 0.0399086 0.0552836 0.808
0 0.331978 0.169747 0.0420875 0.0584864 0.789192
0 0.37656 0.195812 0.0495177 0.0743893 0.770157
0 0.793849 0.103487 0.034084 0.0519575 0.766572
0 0.645805 0.171594 0.0451746 0.0597727 0.748161
0 0.771625 0.127348 0.0295444 0.0589869 0.718227
0 0.822005 0.0537607 0.0299446 0.0460872 0.703501
0 0.757005 0.0707935 0.0305509 0.0542468 0.681506
0 0.921506 0.720516 0.148893 0.232259 0.679672
0 0.637569 0.198774 0.0450952 0.0650086 0.61452
0 0.573072 0.357396 0.0624954 0.102676 0.546393
0 0.267873 0.295517 0.0337574 0.0824536 0.521988
0 0.854351 0.0576099 0.0315313 0.0632661 0.476195
0 0.31227 0.14145 0.0398872 0.0542243 0.370143
0 0.925242 0.625643 0.0624207 0.0643087 0.335912
0 0.731277 0.100812 0.039427 0.0613279 0.320651
0 0.640318 0.176932 0.0462804 0.0652498 0.309265
0 0.392586 0.108657 0.0356874 0.0560589 0.265247
0 0.497291 0.0925135 0.0345188 0.0478554 0.260646
