0 0.414033 0.863366 0.13688 0.182016 0.900279
0 0.257111 0.444876 0.0749375 0.113558 0.886933
0 0.335262 0.239161 0.0534772 0.0703384 0.881513
0 0.700685 0.119473 0.041795 0.062582 0.86549
0 0.782059 0.318402 0.0641361 0.0964263 0.862414
0 0.660593 0.180491 0.0467297 0.0625647 0.858929
0 0.737178 0.164835 0.0447912 0.0673356 0.856182
0 0.307301 0.274815 0.0572368 0.0748316 0.855179
0 0.649026 0.231371 0.0527994 0.0778259 0.854782
0 0.880207 0.40816 0.0829227 0.116732 0.852504
0 0.34292 0.162674 0.0437299 0.0616376 0.850136
0 0.138425 0.176387 0.0940138 0.213934 0.83683
0 0.141646 0.67113 0.113081 0.147179 0.836164
0 0.159455 0.326471 0.0657248 0.113033 0.828074
0 0.401289 0.186171 0.0451209 0.0598592 0.791413
0 0.228821 0.208508 0.083873 0.169713 0.788528
0 0.771419 0.0576334 0.0409639 0.0857551 0.768776
0 0.844633 0.0520252 0.050069 0.0808062 0.749126
0 0.393708 0.140739 0.0393393 0.0549282 0.622325
0 0.31162 0.983157 0.0522573 0.032173 0.608848
0 0.806184 0.0390473 0.0288654 0.0465497 0.558632
0 0.207619 0.813851 0.21851 0.184752 0.426482
0 0.439488 0.157416 0.0398634 0.0529815 0.372065
0 0.993882 0.601364 0.0122351 0.0589094 0.360499
0 0.207183 0.860155 0.223037 0.27969 0.32916
0 0.989158 0.666225 0.0215366 0.174173 0.317214
0 0.549682 0.0748632 0.0336639 0.0470107 0.296349
