0 0.766828 0.94168 0.155377 0.11664 0.93723
0 0.787926 0.238428 0.0792426 0.12898 0.927736
0 0.130224 0.509469 0.110488 0.153707 0.908489
0 0.723724 0.505548 0.0840393 0.122842 0.906543
0 0.67007 0.239143 0.0545851 0.0810759 0.90599
0 0.886379 0.689575 0.105485 0.161018 0.903361
0 0.685867 0.610558 0.105338 0.139392 0.897956
0 0.904159 0.256059 0.0818258 0.129343 0.882856
0 0.737103 0.347815 0.0670376 0.0948406 0.874166
0 0.701935 0.195623 0.0507444 0.0611039 0.871761
0 0.690152 0.292968 0.0569735 0.0754251 0.861053
0 0.961802 0.355701 0.0658474 0.0829009 0.858146
0 0.879383 0.451473 0.0811462 0.123939 0.855703
0 0.814049 0.300328 0.0595072 0.0936485 0.847079
0 0.876208 0.550356 0.0838692 0.127909 0.830907
0 0.345517 0.17856 0.0468204 0.069716 0.816811
0 0.415663 0.215757 0.0475222 0.0763784 0.798421
0 0.274571 0.233756 0.0691545 0.143884 0.797109
0 0.627924 0.205524 0.0442463 0.0632634 0.788092
0 0.433404 0.276597 0.0602263 0.116572 0.788064
0 0.176938 0.0799222 0.0335943 0.0491783 0.724022
0 0.224104 0.0750956 0.0633979 0.137842 0.703589
0 0.145981 0.502376 0.0752595 0.138779 0.649883
0 0.360432 0.11748 0.0406116 0.0539713 0.430997
0 0.987384 0.977026 0.0246908 0.0428059 0.327199
0 0.981459 0.673104 0.0363762 0.0293999 0.291735
