0 0.334395 0.251184 0.054557 0.0720174 0.897002
0 0.760718 0.298052 0.0637209 0.0909934 0.875729
0 0.738797 0.243186 0.0553469 0.0836201 0.874814
0 0.294031 0.32164 0.0620242 0.0863864 0.87431
0 0.770858 0.436714 0.0864813 0.134272 0.871178
0 0.693929 0.129487 0.0400925 0.0582948 0.864932
0 0.370019 0.212297 0.047884 0.062077 0.864711
0 0.271149 0.214359 0.0478554 0.0704514 0.864434
0 0.668367 0.168846 0.0463728 0.0655058 0.861865
0 0.0802729 0.219336 0.100419 0.243708 0.861663
0 0.350085 0.967554 0.174578 0.0648915 0.85468
0 0.300456 0.62179 0.100488 0.148257 0.851303
0 0.109823 0.432894 0.0797932 0.125005 0.848388
0 0.767853 0.122602 0.0385048 0.0569386 0.838037
0 0.24602 0.362146 0.0670323 0.0907641 0.829381
0 0.31779 0.186075 0.0431982 0.0637119 0.825873
0 0.760615 0.076976 0.0361753 0.0555079 0.811677
0 0.352501 0.160831 0.043804 0.0568337 0.809015
0 0.832014 0.0360044 0.0409882 0.0720089 0.805148
0 0.174618 0.275551 0.0929406 0.206564 0.750546
0 0.694028 0.0375733 0.036661 0.0506016 0.613704
0 0.463632 0.106559 0.0382586 0.0552501 0.56261
0 0.545849 0.0776403 0.0330233 0.045848 0.542482
