0 0.268398 0.407067 0.0774047 0.120995 0.915162
0 0.092326 0.516023 0.0911229 0.126667 0.913566
0 0.306406 0.288677 0.0567328 0.0810984 0.90383
0 0.0867835 0.286811 0.060126 0.0914638 0.886825
0 0.258524 0.231719 0.0496488 0.0706467 0.885905
0 0.274582 0.539205 0.0996266 0.134483 0.885866
0 0.344514 0.909238 0.0764514 0.159924 0.884053
0 0.549026 0.353421 0.0720665 0.108299 0.882366
0 0.753685 0.227525 0.0535204 0.0751406 0.869269
0 0.224515 0.345243 0.0619924 0.085575 0.868876
0 0.140549 0.39388 0.0692141 0.0999243 0.867652
0 0.225181 0.19149 0.0468102 0.0725407 0.864108
0 0.63016 0.248543 0.0553652 0.0803421 0.862404
0 0.314076 0.181923 0.0451367 0.0621444 0.862007
0 0.168384 0.307681 0.0555685 0.0804156 0.857358
0 0.142925 0.240829 0.0555858 0.0717406 0.856646
0 0.859391 0.702123 0.139487 0.161883 0.851499
0 0.770811 0.291244 0.0589003 0.0900395 0.840921
0 0.750606 0.086229 0.0338201 0.0506261 0.834206
0 0.646061 0.20084 0.0462192 0.0664567 0.824462
0 0.202231 0.274469 0.0563492 0.0618343 0.818228
0 0.684194 0.339718 0.069178 0.10175 0.807297
0 0.836315 0.701355 0.0934614 0.167077 0.8061
0 0.703919 0.388145 0.0779563 0.105693 0.806084
0 0.67767 0.139049 0.0428888 0.0625889 0.804712
0 0.392242 0.18202 0.0416405 0.0601367 0.797073
0 0.358642 0.156865 0.037818 0.0606794 0.796932
0 0.808168 0.0792828 0.0471773 0.0898121 0.786589
0 0.738635 0.171277 0.0474699 0.10693 0.782971
0 0.536417 0.273471 0.0575806 0.0946855 0.777079
0 0.877009 0.551929 0.0939522 0.135266 0.756256
0 0.658323 0.167904 0.0437468 0.0584163 0.714429
0 0.330522 0.130984 0.0368351 0.0526468 0.607243
0 0.735057 0.187716 0.0457435 0.0710014 0.503951
0 0.547158 0.213557 0.0498005 0.0791874 0.501326
0 0.911261 0.36263 0.071969 0.192169 0.429442
0 0.378953 0.11562 0.0297913 0.040266 0.384414
0 0.335083 0.147349 0.049032 0.0724254 0.369179
0 0.581201 0.171244 0.0425843 0.0765329 0.359748
0 0.776338 0.0704887 0.0241424 0.0435506 0.358846
