0 0.518898 0.918478 0.161837 0.157795 0.949817
0 0.838275 0.304836 0.0885078 0.143695 0.928198
0 0.810989 0.947141 0.147411 0.105717 0.925416
0 0.303802 0.351147 0.0772609 0.116406 0.905839
0 0.0551019 0.586159 0.10954 0.148026 0.905099
0 0.0753217 0.437015 0.0800834 0.122584 0.897363
0 0.751079 0.471771 0.0832291 0.115391 0.895363
0 0.629879 0.733723 0.113775 0.170525 0.890919
0 0.717977 0.314463 0.0609576 0.096396 0.889955
0 0.716666 0.396949 0.0695976 0.0902547 0.8875
0 0.885672 0.604644 0.105358 0.153139 0.87034
0 0.767737 0.251282 0.057203 0.0733722 0.870176
0 0.857708 0.383134 0.0710114 0.110067 0.866853
0 0.847408 0.774832 0.121215 0.18685 0.859407
0 0.686292 0.269559 0.0530062 0.0686436 0.849728
0 0.960495 0.319168 0.0790108 0.159504 0.834495
0 0.30456 0.176474 0.0563634 0.123939 0.826845
0 0.626384 0.139487 0.0402466 0.0760905 0.812499
0 0.605042 0.180341 0.0465176 0.0645247 0.797388
0 0.256604 0.135363 0.054872 0.14132 0.776874
0 0.442988 0.206828 0.05203 0.0891566 0.745576
0 0.396201 0.15795 0.0386325 0.068787 0.727709
0 0.193502 0.0585881 0.06112 0.115744 0.725215
0 0.374093 0.120948 0.0416127 0.0671541 0.647767
0 0.634724 0.0733682 0.0811159 0.143947 0.555113
0 0.993143 0.453029 0.0137144 0.0850223 0.463835
