0 0.720514 0.435503 0.0896031 0.130504 0.898055
0 0.946615 0.433569 0.0989326 0.142232 0.893414
0 0.795312 0.617897 0.110581 0.156765 0.8907
0 0.672291 0.524089 0.0961944 0.135906 0.881479
0 0.868577 0.528871 0.10638 0.134321 0.874011
0 0.316222 0.178565 0.0493484 0.0642869 0.873341
0 0.262686 0.663124 0.118283 0.152881 0.863162
0 0.658137 0.313538 0.0590266 0.0922857 0.855596
0 0.793555 0.106441 0.039971 0.0561954 0.843577
0 0.939811 0.779649 0.120378 0.181839 0.817287
0 0.662028 0.159553 0.0439363 0.063868 0.792774
0 0.755123 0.234654 0.0761377 0.139207 0.791555
0 0.631728 0.278984 0.0601081 0.0849833 0.768174
0 0.829597 0.070469 0.0373646 0.0565213 0.747483
0 0.570798 0.171434 0.0434299 0.0646272 0.718021
0 0.717275 0.108331 0.0364203 0.0505522 0.700887
0 0.854118 0.523283 0.0772499 0.125902 0.646259
0 0.369364 0.115619 0.0410748 0.0585395 0.600752
0 0.0137606 0.821818 0.0275211 0.0330055 0.516234
0 0.745265 0.0861368 0.033404 0.0514064 0.504136
0 0.678015 0.130232 0.0332157 0.0632552 0.350131
