0 0.831376 0.325284 0.0585634 0.0861779 0.932135
0 0.466667 0.94767 0.159291 0.10466 0.912262
0 0.343227 0.295811 0.0589137 0.090971 0.898339
0 0.876907 0.50849 0.0823645 0.128302 0.896502
0 0.799931 0.276566 0.0568377 0.0848518 0.893004
0 0.0585169 0.412835 0.114492 0.213388 0.888431
0 0.72377 0.500315 0.0874941 0.127857 0.888374
0 0.858033 0.391162 0.0679371 0.0984892 0.882906
0 0.947682 0.829881 0.104584 0.180691 0.882474
0 0.312075 0.401229 0.0781178 0.11913 0.877332
0 0.441611 0.326063 0.072159 0.114165 0.875654
0 0.714719 0.323778 0.061298 0.0823047 0.868202
0 0.770927 0.166635 0.0703778 0.109433 0.857127
0 0.866195 0.740175 0.114598 0.165869 0.853339
0 0.895883 0.270062 0.054216 0.0765524 0.85025
0 0.359922 0.214288 0.047507 0.075411 0.848502
0 0.123109 0.563126 0.116687 0.140463 0.843434
0 0.967712 0.371584 0.0645763 0.106613 0.839776
0 0.699042 0.276771 0.0546018 0.0754423 0.828854
0 0.637031 0.199346 0.0501949 0.0659216 0.807451
0 0.264968 0.142254 0.0732364 0.140084 0.779418
0 0.694459 0.18803 0.0480621 0.069981 0.769879
0 0.342036 0.159153 0.0418327 0.0592067 0.769618
0 0.459356 0.216771 0.0497224 0.0665501 0.757851
0 0.172109 0.328135 0.0955171 0.193089 0.754131
0 0.838448 0.233062 0.0495775 0.064489 0.752078
0 0.204657 0.105076 0.0371852 0.0500676 0.748161
0 0.171964 0.0775668 0.0339823 0.0498358 0.710376
0 0.789477 0.987762 0.121598 0.0243835 0.681309
0 0.382726 0.125518 0.0402076 0.062665 0.646355
0 0.670819 0.145543 0.064181 0.0998331 0.577507
0 0.469891 0.283018 0.0582722 0.0840809 0.422648
