0 0.842343 0.913668 0.146499 0.171559 0.920611
0 0.565443 0.844366 0.133965 0.197318 0.912903
0 0.871497 0.465016 0.0796913 0.118862 0.911236
0 0.952647 0.345505 0.0648144 0.0985571 0.906941
0 0.730944 0.447696 0.0780909 0.117557 0.898853
0 0.884483 0.651226 0.106594 0.145923 0.893575
0 0.747456 0.15474 0.0688614 0.107541 0.886664
0 0.41952 0.363887 0.074527 0.119238 0.882118
0 0.328356 0.32444 0.0641653 0.0990704 0.881838
0 0.70342 0.29616 0.0585119 0.0798096 0.879406
0 0.871335 0.252443 0.0529985 0.0744955 0.878374
0 0.814827 0.302863 0.0567463 0.0838086 0.878096
0 0.778731 0.255843 0.0553175 0.0794918 0.874481
0 0.257634 0.447864 0.0859916 0.131834 0.872345
0 0.121593 0.375052 0.122363 0.167959 0.867872
0 0.354344 0.235936 0.0468956 0.0760075 0.866716
0 0.681769 0.254427 0.0531143 0.0715387 0.863909
0 0.841906 0.360558 0.0624409 0.0921138 0.8615
0 0.943258 0.727726 0.112023 0.162935 0.844396
0 0.462974 0.315755 0.0608429 0.0932449 0.838253
0 0.467184 0.243069 0.0539658 0.0759906 0.820537
0 0.035397 0.64765 0.0692017 0.164495 0.79954
0 0.265767 0.16301 0.0735336 0.155729 0.792187
0 0.215012 0.114549 0.0375413 0.0490231 0.773517
0 0.351899 0.172546 0.0429714 0.0587597 0.762215
0 0.817558 0.217832 0.0462227 0.0639664 0.757553
0 0.6138 0.183298 0.046855 0.0624367 0.743866
0 0.670787 0.174193 0.0451546 0.0665759 0.739247
0 0.184244 0.0865134 0.0340134 0.0506017 0.718989
0 0.397883 0.139347 0.0378051 0.0649306 0.706748
0 0.362145 0.113636 0.035346 0.0556776 0.596119
0 0.0210315 0.502094 0.042063 0.187035 0.592392
0 0.330818 0.151051 0.0402794 0.0592578 0.57933
0 0.160911 0.0671695 0.0366057 0.0528161 0.5382
0 0.649768 0.134711 0.0606122 0.0957989 0.536336
0 0.022659 0.556565 0.045318 0.290796 0.417547
0 0.993661 0.458198 0.012678 0.0888785 0.372872
