0 0.668061 0.160324 0.0452929 0.0623238 0.895741
0 0.517263 0.962766 0.156133 0.0743576 0.892835
0 0.831248 0.364468 0.0760796 0.109913 0.886407
0 0.263763 0.494683 0.0810265 0.12422 0.879084
0 0.179474 0.766138 0.131432 0.164016 0.877011
0 0.744406 0.149259 0.0421915 0.0620871 0.86375
0 0.650883 0.207165 0.0500326 0.0719582 0.862641
0 0.210209 0.230819 0.0898314 0.179702 0.862093
0 0.319109 0.261526 0.0546601 0.0778158 0.858456
0 0.140689 0.353844 0.0715444 0.12567 0.857749
0 0.318248 0.178768 0.0454475 0.065568 0.854286
0 0.760248 0.292926 0.0624738 0.096532 0.851825
0 0.378103 0.206142 0.0524237 0.0640519 0.835716
0 0.120092 0.192651 0.0959353 0.224444 0.83412
0 0.71843 0.104215 0.0404556 0.0622826 0.83362
0 0.78902 0.050307 0.0432081 0.0825755 0.795289
0 0.288267 0.298479 0.0613114 0.07911 0.790864
0 0.92742 0.564736 0.0967686 0.16142 0.773672
0 0.273519 0.914689 0.267587 0.169863 0.745612
0 0.367332 0.156566 0.041099 0.0547649 0.732419
0 0.856432 0.0422616 0.0355228 0.0821043 0.562294
0 0.413052 0.176196 0.0437124 0.0595327 0.455981
0 0.753671 0.0227886 0.0306947 0.0448242 0.434532
