0 0.266098 0.452302 0.0796813 0.109999 0.935314
0 0.116549 0.240671 0.0829172 0.132171 0.926465
0 0.122862 0.504681 0.0804082 0.120342 0.92375
0 0.232196 0.220514 0.0739334 0.119135 0.916623
0 0.109297 0.6177 0.0964504 0.144419 0.914923
0 0.295161 0.539989 0.0940143 0.129326 0.895465
0 0.183185 0.870613 0.136834 0.205887 0.894357
0 0.742082 0.239176 0.07992 0.187801 0.882522
0 0.272471 0.315986 0.0635911 0.0912434 0.878317
0 0.130631 0.412728 0.0789487 0.117634 0.873225
0 0.203756 0.280417 0.0570884 0.0868239 0.86446
0 0.0564079 0.330036 0.0618997 0.0816863 0.862745
0 0.348897 0.219272 0.0514952 0.0777441 0.858351
0 0.324565 0.267251 0.0554132 0.0746649 0.852643
0 0.649066 0.194924 0.0483299 0.0714977 0.836706
0 0.954634 0.587838 0.0891048 0.182767 0.835509
0 0.586361 0.31982 0.0690868 0.0903469 0.830566
0 0.323701 0.182248 0.0512769 0.059596 0.809557
0 0.675523 0.13993 0.0354596 0.055461 0.791867
0 0.578258 0.983073 0.150751 0.0338545 0.763567
0 0.811565 0.0869408 0.0317225 0.0532039 0.758229
0 0.584921 0.240559 0.0510251 0.0879572 0.722261
0 0.391107 0.186893 0.0399632 0.0593682 0.718699
0 0.0122154 0.393519 0.0244307 0.09312 0.716673
0 0.563731 0.192385 0.050247 0.0764388 0.705928
0 0.618077 0.130916 0.0403925 0.0527473 0.59789
0 0.765676 0.0869893 0.064299 0.15487 0.552468
0 0.724341 0.100156 0.0309001 0.0505486 0.340265
