0 0.718552 0.397071 0.0721621 0.0985172 0.88688
0 0.700741 0.307406 0.0613199 0.0785006 0.882988
0 0.6051 0.825363 0.130591 0.185986 0.878523
0 0.952634 0.250701 0.0947315 0.269607 0.87176
0 0.771552 0.254123 0.0531832 0.08002 0.87009
0 0.303296 0.133871 0.0413666 0.0580113 0.868699
0 0.31048 0.349691 0.069662 0.111797 0.865535
0 0.202156 0.0980007 0.0387542 0.0532193 0.865425
0 0.030949 0.491137 0.0604115 0.133196 0.863541
0 0.673073 0.258602 0.0538554 0.0740887 0.84607
0 0.90871 0.523267 0.0941433 0.159091 0.84013
0 0.806216 0.437862 0.0763191 0.105231 0.837236
0 0.279024 0.240855 0.0549909 0.085042 0.837204
0 0.700076 0.193514 0.0475347 0.0677964 0.829787
0 0.274933 0.101514 0.0354226 0.0531562 0.826723
0 0.729875 0.223202 0.0448273 0.0651363 0.794964
0 0.271832 0.196452 0.0515097 0.0577851 0.746945
0 0.192714 0.0550212 0.0369169 0.0514797 0.744319
0 0.853371 0.327247 0.104456 0.221813 0.504358
0 0.29769 0.0335188 0.0310601 0.0415144 0.503646
0 0.59471 0.131591 0.0338696 0.0588668 0.480147
