0 0.0942447 0.256494 0.0827883 0.130093 0.930064
0 0.234099 0.941737 0.15229 0.116526 0.924235
0 0.212644 0.237491 0.0825354 0.124499 0.916158
0 0.329198 0.239799 0.0539392 0.0821715 0.905518
0 0.119261 0.454567 0.0863665 0.124145 0.904246
0 0.313548 0.6105 0.106028 0.13943 0.899618
0 0.121835 0.550574 0.0876114 0.12656 0.895096
0 0.261017 0.349127 0.0677841 0.0937172 0.894138
0 0.275932 0.504511 0.0820254 0.11994 0.890631
0 0.114664 0.690329 0.108356 0.167291 0.879283
0 0.868468 0.511675 0.110347 0.153269 0.876929
0 0.0351185 0.355707 0.0689523 0.0851594 0.870886
0 0.724126 0.233288 0.0716969 0.143938 0.868403
0 0.309808 0.293989 0.0571831 0.0770807 0.867762
0 0.653372 0.17809 0.0451267 0.0707832 0.852706
0 0.371352 0.205906 0.0483922 0.062289 0.848681
0 0.298882 0.196975 0.0520812 0.0610431 0.837582
0 0.185754 0.302189 0.0636055 0.0941153 0.831992
0 0.776945 0.0754745 0.0601248 0.141094 0.813884
0 0.566239 0.285116 0.0580469 0.0989376 0.788767
0 0.584574 0.215971 0.0478523 0.076295 0.756532
0 0.822431 0.079817 0.0332106 0.0492676 0.707611
0 0.639761 0.118943 0.0418351 0.0530272 0.563981
0 0.0180947 0.672837 0.0361895 0.0285578 0.480846
0 0.018765 0.464293 0.0375301 0.0218284 0.413262
0 0.742105 0.16702 0.0673296 0.0602248 0.357864
0 0.0136188 0.973702 0.0272377 0.0506025 0.338944
0 0.828273 0.0503312 0.0318382 0.0403583 0.322246
0 0.687918 0.126676 0.0316551 0.0552363 0.271084
