0 0.160913 0.304287 0.089415 0.142613 0.957676
0 0.190641 0.946033 0.14901 0.107933 0.938335
0 0.481393 0.917349 0.162309 0.156468 0.924561
0 0.69592 0.351582 0.0795148 0.11516 0.918583
0 0.248736 0.472616 0.0832484 0.11597 0.907078
0 0.143383 0.383419 0.0743904 0.110193 0.906871
0 0.152111 0.774582 0.118763 0.182158 0.895495
0 0.0398331 0.319915 0.0796663 0.156483 0.889693
0 0.94409 0.585228 0.110674 0.147211 0.887405
0 0.232036 0.252034 0.057489 0.0737687 0.882571
0 0.283398 0.398592 0.0715574 0.096178 0.88011
0 0.315453 0.26839 0.0519171 0.0714353 0.870574
0 0.922924 0.438243 0.0853035 0.119874 0.862402
0 0.282296 0.312299 0.0619226 0.099567 0.856855
0 0.368541 0.733858 0.114758 0.167579 0.848485
0 0.114609 0.601833 0.108063 0.149722 0.820687
0 0.556261 0.212649 0.0507976 0.0776227 0.814747
0 0.393448 0.179463 0.0414738 0.063121 0.782331
0 0.696709 0.176937 0.0586667 0.121126 0.75588
0 0.804629 0.0603356 0.0558151 0.115461 0.726459
0 0.376014 0.137229 0.0446279 0.0768025 0.717694
0 0.744506 0.136292 0.0525157 0.138466 0.709166
0 0.605097 0.158237 0.0382849 0.0671856 0.706076
0 0.627422 0.122622 0.0368062 0.0624257 0.698548
0 0.364802 0.0756076 0.0817723 0.147542 0.599286
0 0.00770738 0.452176 0.0154148 0.0917478 0.529054
0 0.0298486 0.913403 0.0594097 0.0504519 0.26989
0 0.707102 0.079709 0.0368156 0.045139 0.251604
