0 0.792134 0.310122 0.0762462 0.112154 0.908956
0 0.78509 0.440907 0.0880601 0.120447 0.908836
0 0.695072 0.355644 0.0741238 0.101264 0.902621
0 0.651016 0.30076 0.0631485 0.101755 0.900576
0 0.95448 0.449566 0.0859463 0.104249 0.899427
0 0.936251 0.568069 0.10083 0.142676 0.895151
0 0.228845 0.241066 0.055543 0.0738213 0.882255
0 0.728066 0.556482 0.107721 0.154294 0.870733
0 0.621491 0.458625 0.087855 0.115092 0.866555
0 0.839992 0.375816 0.0705791 0.105889 0.864595
0 0.542892 0.350061 0.0643334 0.100971 0.858423
0 0.78113 0.112055 0.0377658 0.0538987 0.842737
0 0.59823 0.392251 0.0694746 0.107247 0.827481
0 0.342381 0.220573 0.0534045 0.068066 0.821208
0 0.650013 0.10914 0.0394692 0.0573898 0.814902
0 0.738888 0.172922 0.0596453 0.118366 0.806651
0 0.280038 0.15499 0.0433435 0.0647668 0.780407
0 0.632606 0.215384 0.0458142 0.0714327 0.772234
0 0.299879 0.194537 0.0424367 0.0598177 0.770846
0 0.799651 0.0652801 0.0311769 0.0486434 0.751634
0 0.842237 0.0715499 0.0370907 0.0527184 0.726057
0 0.354582 0.157928 0.0417177 0.057282 0.71034
0 0.73846 0.0810389 0.0326021 0.0568475 0.648976
0 0.71163 0.10954 0.0339133 0.0511754 0.526833
0 0.6345 0.180521 0.0490207 0.0453229 0.429485
0 0.393775 0.178754 0.0408047 0.0698758 0.346865
0 0.334539 0.13048 0.0379266 0.0545003 0.331315
0 0.286238 0.267274 0.0275361 0.0786594 0.271218
