0 0.593218 0.909995 0.159851 0.179958 0.941882
0 0.0691215 0.44594 0.0914014 0.123806 0.933084
0 0.240846 0.429967 0.0860819 0.116557 0.921275
0 0.0641706 0.749216 0.127897 0.202047 0.906389
0 0.263992 0.584071 0.109079 0.140455 0.898507
0 0.15642 0.36673 0.0639581 0.128389 0.895582
0 0.322399 0.358948 0.073171 0.11435 0.887785
0 0.0962959 0.546779 0.105861 0.143394 0.874401
0 0.332136 0.483265 0.0842582 0.127816 0.871757
0 0.729579 0.208098 0.0520299 0.0696857 0.861231
0 0.364061 0.261359 0.0526306 0.0787592 0.840215
0 0.182067 0.089724 0.0407311 0.054345 0.820899
0 0.410715 0.424186 0.0750218 0.110975 0.813423
0 0.255943 0.201956 0.069867 0.128838 0.769864
0 0.313023 0.133644 0.0407945 0.059338 0.759262
0 0.386184 0.136913 0.0367114 0.0577243 0.735115
0 0.374725 0.225737 0.0526529 0.0616621 0.730898
0 0.615165 0.18394 0.0478689 0.0642708 0.722407
0 0.675239 0.135123 0.0384574 0.0627966 0.669739
0 0.240653 0.0863212 0.0340374 0.0451699 0.61134
0 0.209656 0.0650444 0.0267011 0.0451729 0.604755
0 0.236652 0.131136 0.0399178 0.0555049 0.551049
0 0.293903 0.104348 0.0349389 0.0584792 0.308785
