0 0.87425 0.798937 0.1245 0.166842 0.920286
0 0.18489 0.506207 0.0993554 0.145917 0.91985
0 0.891128 0.581142 0.100134 0.132842 0.918137
0 0.632438 0.720761 0.114155 0.170099 0.908918
0 0.864291 0.426565 0.0745302 0.112215 0.901931
0 0.830668 0.330344 0.0596565 0.0879704 0.892648
0 0.733311 0.401369 0.0728215 0.106626 0.892028
0 0.383786 0.406456 0.084742 0.129081 0.891948
0 0.825184 0.920276 0.14164 0.157942 0.878354
0 0.936158 0.647015 0.102425 0.140355 0.877603
0 0.761254 0.238759 0.0529245 0.0778956 0.873319
0 0.726287 0.143489 0.0635878 0.101078 0.872793
0 0.665095 0.230876 0.0509346 0.0688903 0.866818
0 0.691475 0.269731 0.0560255 0.0745637 0.863293
0 0.308687 0.354582 0.0696061 0.102823 0.86011
0 0.935059 0.321895 0.0647804 0.0988879 0.858711
0 0.446856 0.352183 0.0706511 0.102702 0.855119
0 0.349725 0.257148 0.0502266 0.0794676 0.848703
0 0.848498 0.235127 0.0517017 0.0714718 0.83968
0 0.470728 0.267197 0.0585756 0.078075 0.836918
0 0.263434 0.18022 0.076174 0.1624 0.827489
0 0.80003 0.281486 0.0534544 0.0780232 0.818152
0 0.359458 0.189759 0.0457135 0.0669239 0.817965
0 0.0606086 0.401626 0.120162 0.209577 0.803663
0 0.648055 0.160672 0.0440203 0.0636034 0.765652
0 0.985588 0.41401 0.0286884 0.112548 0.717042
0 0.341767 0.164294 0.0427932 0.0599207 0.7112
0 0.314874 0.120898 0.0373072 0.0578123 0.708185
0 0.415766 0.153381 0.0411743 0.0728621 0.688696
0 0.379894 0.12049 0.0401242 0.0694572 0.634817
0 0.198088 0.0959587 0.0339649 0.0499248 0.618408
0 0.79564 0.202794 0.0433605 0.0597441 0.59928
0 0.176096 0.0728448 0.0359936 0.0599338 0.52593
0 0.63085 0.122473 0.061157 0.0961312 0.284155
