0 0.277947 0.500994 0.0843045 0.126573 0.916064
0 0.536688 0.94796 0.149996 0.10408 0.911721
0 0.0526418 0.831029 0.103267 0.175964 0.910809
0 0.875165 0.561445 0.118969 0.137733 0.898015
0 0.123153 0.507961 0.0870899 0.128252 0.893005
0 0.201011 0.276877 0.0591777 0.0872186 0.892643
0 0.0329734 0.373351 0.0640175 0.106362 0.88685
0 0.131223 0.740418 0.120282 0.165621 0.884557
0 0.656515 0.295162 0.0636162 0.0906024 0.88257
0 0.168717 0.327113 0.0578591 0.0889005 0.878653
0 0.141512 0.392149 0.0679286 0.0986956 0.87524
0 0.686231 0.401509 0.0792543 0.118928 0.865672
0 0.104491 0.271102 0.0528834 0.0753693 0.863628
0 0.834457 0.329828 0.111574 0.181428 0.861015
0 0.556878 0.324302 0.0657035 0.111052 0.859215
0 0.284202 0.322276 0.0644563 0.0847008 0.855119
0 0.936281 0.409743 0.123914 0.214899 0.85478
0 0.364187 0.200039 0.0504456 0.0653777 0.838068
0 0.302205 0.274301 0.0550312 0.0725332 0.838066
0 0.228211 0.16619 0.0714913 0.1115 0.834405
0 0.641527 0.214272 0.0457241 0.0719992 0.831391
0 0.306309 0.188501 0.048082 0.0699443 0.815609
0 0.657604 0.157583 0.0428112 0.0597329 0.815033
0 0.331219 0.143169 0.0673199 0.0948681 0.758487
0 0.79548 0.105691 0.0373863 0.0508326 0.752969
0 0.735692 0.137574 0.07122 0.172745 0.738309
0 0.540606 0.214841 0.048823 0.0646336 0.711002
0 0.828575 0.0778422 0.033036 0.0468035 0.630568
0 0.617611 0.126847 0.0381575 0.0600339 0.61873
0 0.160945 0.233539 0.0473153 0.0608403 0.602037
0 0.212811 0.987628 0.126937 0.0245424 0.596709
0 0.530632 0.285187 0.0617782 0.0843946 0.518254
0 0.419966 0.166326 0.046407 0.0591774 0.395392
0 0.453382 0.134685 0.0405295 0.0599182 0.385009
0 0.851626 0.0576504 0.0288353 0.0532942 0.373907
