0 0.247115 0.257848 0.0593472 0.0819866 0.896352
0 0.288166 0.565259 0.106238 0.162271 0.895724
0 0.079742 0.592486 0.120226 0.152456 0.894505
0 0.343375 0.282319 0.0608697 0.0854428 0.892657
0 0.31234 0.350682 0.0700591 0.101751 0.889109
0 0.828505 0.218183 0.0533735 0.0769 0.879575
0 0.733882 0.352588 0.0693125 0.0940468 0.877286
0 0.158664 0.505578 0.0961671 0.129723 0.86504
0 0.802146 0.285558 0.0564074 0.0787373 0.864447
0 0.389931 0.415871 0.0819921 0.150629 0.863357
0 0.859382 0.356441 0.0682272 0.0940224 0.857245
0 0.208086 0.30659 0.0632714 0.0925931 0.851396
0 0.119639 0.393744 0.0803835 0.105282 0.844923
0 0.695372 0.27672 0.0570555 0.0871907 0.84214
0 0.235821 0.114055 0.0518358 0.0973321 0.8287
0 0.754037 0.228181 0.0476291 0.0712889 0.826452
0 0.264801 0.20883 0.0555305 0.0804791 0.816185
0 0.319198 0.134252 0.0369552 0.0605137 0.801268
0 0.183154 0.0898279 0.0336609 0.0509653 0.798867
0 0.453226 0.32063 0.0630434 0.0974838 0.771936
0 0.359451 0.233825 0.0544189 0.0743347 0.770634
0 0.673388 0.242369 0.0476694 0.0687565 0.765137
0 0.35966 0.185299 0.0508469 0.0583088 0.762899
0 0.623857 0.200035 0.0479246 0.0644299 0.754585
0 0.722717 0.2082 0.0451174 0.0632155 0.723709
0 0.665044 0.173928 0.0424313 0.0644226 0.713528
0 0.693227 0.146776 0.0354778 0.0647133 0.71044
0 0.292844 0.117067 0.0344733 0.051033 0.705936
0 0.773051 0.185665 0.0459971 0.0645031 0.687276
0 0.0991641 0.415881 0.0375355 0.0652957 0.503536
0 0.770982 0.477425 0.045541 0.110186 0.460409
0 0.10215 0.394976 0.0422035 0.111164 0.434843
0 0.463353 0.277807 0.0569351 0.0660407 0.329566
0 0.450468 0.240895 0.051189 0.0534446 0.262983
