0 0.284112 0.380709 0.0715381 0.108512 0.907526
0 0.198735 0.651003 0.12143 0.182631 0.904684
0 0.330555 0.305704 0.0628234 0.0950041 0.904187
0 0.074369 0.42984 0.0811321 0.117735 0.90215
0 0.782856 0.264949 0.054756 0.0743939 0.899632
0 0.0801031 0.563277 0.111289 0.136918 0.889129
0 0.841885 0.328237 0.062846 0.0938663 0.884207
0 0.723505 0.318961 0.0647738 0.0877874 0.872755
0 0.240738 0.276759 0.0592954 0.0861773 0.868476
0 0.806328 0.204366 0.0502079 0.0737161 0.868406
0 0.680362 0.252987 0.0542499 0.0852295 0.866212
0 0.731768 0.211551 0.0467636 0.066479 0.864162
0 0.186771 0.331437 0.0682039 0.09981 0.86353
0 0.345519 0.468489 0.0908303 0.170689 0.858097
0 0.436847 0.354119 0.0695868 0.108973 0.84798
0 0.260272 0.227795 0.0556677 0.0890901 0.84706
0 0.244044 0.125605 0.0532883 0.0989367 0.846805
0 0.356242 0.256268 0.056018 0.0783268 0.833875
0 0.364029 0.208726 0.0539782 0.0719244 0.82385
0 0.654327 0.223007 0.0484405 0.0649785 0.809344
0 0.333095 0.148055 0.037699 0.0608171 0.790214
0 0.642601 0.159624 0.041096 0.0575174 0.771981
0 0.19566 0.0983877 0.037546 0.0542158 0.770479
0 0.750175 0.174402 0.0454367 0.0618962 0.769831
0 0.311225 0.129601 0.0393645 0.0539573 0.734405
0 0.0213817 0.677082 0.0427189 0.173719 0.669085
0 0.460786 0.307488 0.0586392 0.0857584 0.663307
0 0.700929 0.191236 0.0381042 0.0541949 0.633617
0 0.674133 0.135972 0.0338991 0.0606732 0.605883
0 0.598967 0.181167 0.0473171 0.0632149 0.568517
0 0.328592 0.14242 0.0424272 0.0646602 0.560688
0 0.168619 0.0755779 0.0323031 0.0469918 0.513328
0 0.21094 0.0657736 0.0272144 0.039847 0.452082
0 0.471487 0.247254 0.0466514 0.0792908 0.412384
0 0.768586 0.414368 0.0403312 0.105673 0.328265
0 0.458089 0.258431 0.0713179 0.0565049 0.315566
