0 0.723424 0.389392 0.0765635 0.123635 0.881344
0 0.315891 0.276979 0.0571539 0.0780964 0.881074
0 0.348549 0.233841 0.0498792 0.0691447 0.874198
0 0.220078 0.397636 0.0744648 0.0951632 0.861374
0 0.285759 0.357898 0.0675717 0.0901746 0.859276
0 0.680798 0.149447 0.0440051 0.0606969 0.857954
0 0.0978931 0.483434 0.0877125 0.124242 0.854426
0 0.73956 0.270359 0.0581544 0.0854759 0.849941
0 0.708018 0.117193 0.0402693 0.0531703 0.849298
0 0.335572 0.710534 0.114197 0.161995 0.846944
0 0.250203 0.232646 0.0499519 0.0755916 0.831901
0 0.782163 0.108874 0.039679 0.0583905 0.830529
0 0.325903 0.177321 0.0470651 0.0618076 0.821781
0 0.294876 0.204562 0.0454113 0.0632259 0.811568
0 0.73331 0.213759 0.0528667 0.0625957 0.803373
0 0.157856 0.301794 0.0983864 0.215307 0.801044
0 0.0587222 0.238999 0.101093 0.25029 0.795055
0 0.783625 0.0656993 0.0367373 0.0543874 0.79156
0 0.853539 0.0314525 0.0347935 0.0629049 0.790973
0 0.51655 0.0882101 0.0353312 0.0478866 0.667167
0 0.435354 0.118969 0.0358108 0.0537569 0.665267
0 0.662468 0.0483119 0.0350332 0.0529172 0.354441
0 0.0962352 0.412439 0.0538395 0.0500868 0.30737
