0 0.298404 0.307494 0.0620165 0.0808533 0.912405
0 0.1919 0.439174 0.0801124 0.106405 0.906734
0 0.391729 0.82492 0.137635 0.188342 0.888887
0 0.281877 0.400577 0.0727183 0.104533 0.883847
0 0.327784 0.259221 0.0581056 0.0746135 0.882125
0 0.229428 0.254631 0.0520959 0.0780767 0.87186
0 0.687493 0.348937 0.0705149 0.114207 0.863803
0 0.0921181 0.530159 0.0935437 0.145434 0.861921
0 0.968374 0.488848 0.0632519 0.134027 0.86074
0 0.696551 0.133703 0.041836 0.0584273 0.853017
0 0.300194 0.193639 0.0493671 0.0665571 0.849272
0 0.720833 0.241609 0.0567947 0.0816777 0.824812
0 0.271646 0.222659 0.0464191 0.0684752 0.817858
0 0.798124 0.0982261 0.0370378 0.0537699 0.817379
0 0.729984 0.19901 0.0494766 0.0623786 0.813985
0 0.725543 0.101171 0.0358903 0.0524111 0.802112
0 0.806388 0.0533122 0.0353364 0.0551559 0.798183
0 0.0490648 0.251659 0.0981297 0.271237 0.771584
0 0.406226 0.132096 0.0383299 0.0571861 0.52963
0 0.146368 0.302155 0.102276 0.173 0.51957
0 0.702134 0.0342012 0.0331817 0.0425247 0.47039
0 0.633649 0.0554017 0.0403687 0.0606535 0.254601
