0 0.741098 0.406352 0.0810875 0.114942 0.912708
0 0.111046 0.425053 0.0758237 0.106363 0.903266
0 0.279878 0.315876 0.066376 0.136075 0.894091
0 0.260685 0.429963 0.0783095 0.113306 0.89147
0 0.600403 0.439089 0.0854497 0.131952 0.890083
0 0.814179 0.336615 0.0704464 0.100246 0.886903
0 0.129158 0.248529 0.0543743 0.0841786 0.886491
0 0.206718 0.26481 0.0516314 0.0756509 0.885412
0 0.781807 0.474725 0.0909642 0.121055 0.885121
0 0.335602 0.239638 0.0523059 0.0753764 0.872048
0 0.164911 0.333221 0.0625273 0.0874726 0.863711
0 0.647945 0.294645 0.0632103 0.0890981 0.852945
0 0.764953 0.264716 0.0578318 0.0788219 0.850963
0 0.558218 0.348842 0.0691559 0.101133 0.839506
0 0.184786 0.21086 0.0517193 0.0669181 0.827635
0 0.295037 0.199971 0.045045 0.0658324 0.826505
0 0.712116 0.109817 0.0359389 0.0559643 0.813031
0 0.356402 0.155556 0.0425238 0.0590793 0.810864
0 0.656583 0.162666 0.0453603 0.066957 0.809501
0 0.783647 0.0925699 0.0494617 0.0991312 0.800034
0 0.535454 0.263471 0.0556777 0.0808226 0.776658
0 0.236843 0.240957 0.0475397 0.066616 0.770333
0 0.266263 0.167795 0.0423237 0.0660711 0.764101
0 0.641907 0.237012 0.0526701 0.0678369 0.727884
0 0.740333 0.217803 0.0539959 0.076571 0.703819
0 0.250939 0.630645 0.0540349 0.144605 0.685103
0 0.736748 0.19569 0.0580869 0.119277 0.655751
0 0.649035 0.192293 0.0508042 0.0498434 0.638248
0 0.557485 0.202259 0.0462016 0.0861563 0.632801
0 0.652003 0.182837 0.0496879 0.0547972 0.621066
0 0.842924 0.0705307 0.0375092 0.0576168 0.619146
0 0.742719 0.0939128 0.0317646 0.044621 0.502599
0 0.565201 0.289777 0.0265615 0.0364514 0.459963
0 0.398617 0.133949 0.0265614 0.0551617 0.431732
0 0.81581 0.631859 0.0499418 0.14476 0.415278
0 0.733851 0.178926 0.052891 0.08354 0.293936
0 0.292686 0.714924 0.0904491 0.0254569 0.26773
