0 0.0500561 0.458766 0.0909953 0.126759 0.912561
0 0.741057 0.401465 0.0688384 0.105563 0.902872
0 0.268666 0.181698 0.0470267 0.0685367 0.888412
0 0.838314 0.164471 0.0945829 0.206657 0.886745
0 0.752312 0.194372 0.0833086 0.168219 0.883719
0 0.774749 0.958115 0.173279 0.0837708 0.879952
0 0.316098 0.132639 0.0447979 0.0682192 0.874386
0 0.648806 0.736576 0.112413 0.157261 0.86943
0 0.348231 0.261227 0.0553827 0.0814443 0.865263
0 0.487651 0.930155 0.179693 0.139689 0.855059
0 0.189646 0.347895 0.068129 0.107095 0.850102
0 0.347181 0.200219 0.0507552 0.0696888 0.84398
0 0.672814 0.249373 0.0515392 0.0727397 0.839679
0 0.819898 0.295499 0.0622316 0.116118 0.825235
0 0.64696 0.216886 0.0519011 0.0652764 0.810056
0 0.631539 0.148319 0.0427069 0.062122 0.809852
0 0.827251 0.769803 0.184249 0.286391 0.790116
0 0.173985 0.0545269 0.0501995 0.0989999 0.718366
0 0.246154 0.0665901 0.0417255 0.0877229 0.702796
0 0.281149 0.0708479 0.0348232 0.068923 0.535836
0 0.877959 0.577 0.0989887 0.101096 0.457137
0 0.327729 0.041149 0.0296189 0.0404033 0.339041
0 0.57156 0.167587 0.0366981 0.0530212 0.323477
