0 0.918195 0.525298 0.0859995 0.121129 0.943157
0 0.244972 0.42255 0.0819753 0.111227 0.915929
0 0.544613 0.893587 0.163164 0.212826 0.913457
0 0.904672 0.281915 0.0575132 0.0891608 0.903351
0 0.884447 0.473173 0.0768753 0.108036 0.895109
0 0.901214 0.618014 0.0966362 0.126086 0.88417
0 0.382481 0.448096 0.0855728 0.115952 0.879606
0 0.459624 0.3305 0.0671076 0.0960285 0.874695
0 0.841531 0.363377 0.063644 0.096959 0.869436
0 0.796633 0.284326 0.0539492 0.0827869 0.86898
0 0.264111 0.527344 0.107747 0.160794 0.866637
0 0.369459 0.225983 0.0494133 0.0752667 0.858963
0 0.718906 0.324125 0.0628447 0.0895389 0.857896
0 0.884102 0.712878 0.108866 0.156424 0.853225
0 0.660759 0.227738 0.0504604 0.0684095 0.850509
0 0.330495 0.306534 0.0558209 0.0948628 0.849994
0 0.696719 0.548587 0.0903488 0.13746 0.840866
0 0.968136 0.35756 0.0619835 0.0922859 0.838821
0 0.252623 0.178473 0.0896374 0.234729 0.817592
0 0.203908 0.0902893 0.0406178 0.0591958 0.815997
0 0.802969 0.204682 0.04629 0.0660479 0.806191
0 0.722017 0.203996 0.0485353 0.0735913 0.800666
0 0.761975 0.241561 0.048578 0.0719067 0.795052
0 0.682829 0.124012 0.0641333 0.0966123 0.789308
0 0.624893 0.193984 0.0450779 0.0630368 0.769055
0 0.3414 0.146034 0.0392531 0.0606628 0.758403
0 0.444349 0.191368 0.046306 0.073892 0.751286
0 0.355217 0.194768 0.0468394 0.0643576 0.698173
0 0.375715 0.12225 0.0369853 0.0603902 0.559597
0 0.0143209 0.663432 0.0285388 0.181354 0.495748
0 0.3084 0.133586 0.0235404 0.0313062 0.463854
0 0.601028 0.134301 0.0411211 0.0640563 0.434708
0 0.75355 0.17748 0.0364134 0.0612523 0.425177
0 0.415768 0.150918 0.0434328 0.0687024 0.414776
