0 0.474913 0.932311 0.162235 0.135378 0.922018
0 0.308962 0.288391 0.0573272 0.0766193 0.90109
0 0.280424 0.447092 0.079466 0.110651 0.895304
0 0.287208 0.342372 0.0665995 0.0870622 0.891334
0 0.167644 0.485776 0.084288 0.112689 0.890524
0 0.715521 0.120006 0.0419862 0.0540658 0.878878
0 0.0874521 0.595145 0.10376 0.154019 0.874931
0 0.379392 0.145211 0.0428826 0.058327 0.868521
0 0.207881 0.278347 0.057394 0.083882 0.862899
0 0.275678 0.2121 0.0522606 0.0644727 0.855911
0 0.913036 0.433179 0.0861641 0.119076 0.852515
0 0.663152 0.312407 0.0650635 0.105217 0.847438
0 0.707523 0.219231 0.0504776 0.0760182 0.820738
0 0.831055 0.0475319 0.0331154 0.0515271 0.820631
0 0.814851 0.0863356 0.0348299 0.0515478 0.820583
0 0.250672 0.242681 0.045424 0.0709502 0.813906
0 0.744761 0.088304 0.0352937 0.0521875 0.811589
0 0.731497 0.188357 0.0473072 0.0682304 0.791926
0 0.0408725 0.272763 0.0817451 0.279849 0.770027
0 0.134431 0.360654 0.113977 0.239186 0.730533
0 0.390346 0.11205 0.0340366 0.0481799 0.535929
