0 0.174124 0.920403 0.146742 0.158524 0.913668
0 0.108874 0.580637 0.0978981 0.131562 0.907467
0 0.551683 0.35155 0.0725216 0.104317 0.901945
0 0.614474 0.406894 0.0873266 0.131042 0.900742
0 0.134597 0.426282 0.0732157 0.111289 0.899353
0 0.0642602 0.646355 0.104176 0.143635 0.897831
0 0.063492 0.321837 0.0624984 0.0981983 0.8926
0 0.815282 0.506215 0.103804 0.14562 0.885048
0 0.266064 0.400376 0.0718329 0.106902 0.881415
0 0.124328 0.803531 0.125567 0.172089 0.880814
0 0.240406 0.238537 0.0536651 0.0780252 0.877157
0 0.170928 0.331566 0.0602327 0.0874029 0.876243
0 0.367473 0.720886 0.115568 0.172751 0.870609
0 0.529457 0.266854 0.0565401 0.0773826 0.866469
0 0.201908 0.28261 0.0504328 0.07956 0.866399
0 0.650702 0.257018 0.0523317 0.0794651 0.865932
0 0.690254 0.354181 0.0698072 0.103642 0.860801
0 0.151116 0.236277 0.050528 0.0693572 0.84409
0 0.335198 0.231393 0.0523384 0.0672496 0.8415
0 0.307838 0.270604 0.0575572 0.0759627 0.84088
0 0.273773 0.144327 0.067225 0.100037 0.837825
0 0.640384 0.189732 0.0462336 0.0678125 0.824397
0 0.352816 0.160779 0.0458663 0.0647144 0.821962
0 0.734423 0.189477 0.0720327 0.140193 0.764424
0 0.656692 0.16526 0.0453924 0.0615656 0.72588
0 0.585519 0.155273 0.0410137 0.0685082 0.718102
0 0.0151979 0.418927 0.0303957 0.109312 0.694699
0 0.618248 0.125479 0.0379936 0.0575012 0.683202
0 0.824577 0.0755259 0.0360428 0.0546735 0.656324
0 0.683299 0.121681 0.0337762 0.0591996 0.617873
0 0.933168 0.401164 0.132117 0.20609 0.561147
0 0.204624 0.205676 0.0411016 0.0558136 0.521019
0 0.411872 0.168282 0.043124 0.0569408 0.400428
0 0.36975 0.119513 0.0644775 0.0894892 0.354821
0 0.802651 0.0970414 0.0337636 0.0520721 0.265435
