0 0.0565945 0.728644 0.11158 0.162973 0.927613
0 0.157709 0.913546 0.143477 0.172374 0.913585
0 0.128455 0.46659 0.0779071 0.120551 0.912892
0 0.433076 0.844046 0.136236 0.199722 0.908369
0 0.269395 0.447638 0.0791692 0.118701 0.902381
0 0.74288 0.448511 0.0882948 0.136147 0.897569
0 0.252081 0.155385 0.067324 0.109554 0.889971
0 0.0481701 0.346218 0.0669314 0.102541 0.889716
0 0.113836 0.647034 0.109201 0.13968 0.882071
0 0.129084 0.252265 0.0511871 0.0737316 0.874739
0 0.15784 0.359745 0.0631411 0.0925418 0.872811
0 0.18487 0.303848 0.0555281 0.082952 0.869269
0 0.220146 0.257195 0.0548478 0.0807634 0.868398
0 0.670702 0.324214 0.066814 0.102063 0.868368
0 0.295681 0.296231 0.0598331 0.0818185 0.853575
0 0.318488 0.252825 0.0520831 0.0699769 0.849885
0 0.58099 0.364842 0.0785149 0.118704 0.835953
0 0.330435 0.174736 0.0467836 0.0666344 0.824837
0 0.646177 0.238121 0.0482365 0.0763422 0.821142
0 0.964888 0.64576 0.070224 0.166674 0.819654
0 0.649402 0.173342 0.0444471 0.0609176 0.793867
0 0.53247 0.243258 0.0553325 0.0759868 0.791588
0 0.535796 0.317744 0.0632606 0.0947852 0.769271
0 0.784798 0.115369 0.038505 0.0499334 0.766791
0 0.386627 0.183572 0.0467626 0.0607456 0.747428
0 0.602665 0.140972 0.0372373 0.0658307 0.745701
0 0.879529 0.376069 0.127429 0.161011 0.741896
0 0.815573 0.0863195 0.0330567 0.0505419 0.71039
0 0.350213 0.130773 0.0652233 0.0904133 0.700811
0 0.733598 0.161088 0.0685173 0.129188 0.696347
0 0.733782 0.139189 0.0692963 0.19819 0.684632
0 0.184921 0.218632 0.0475925 0.059787 0.657454
0 0.839205 0.0662715 0.0348938 0.0534836 0.578828
0 0.637937 0.109726 0.0366524 0.0616571 0.459052
0 0.00648708 0.458816 0.0129742 0.0977669 0.432148
0 0.668195 0.151203 0.0415613 0.060523 0.403753
0 0.976761 0.487238 0.0464786 0.165887 0.264377
0 0.976488 0.467416 0.047024 0.244783 0.261496
