0 0.14134 0.366403 0.0974734 0.15194 0.93741
0 0.290571 0.49675 0.0843609 0.106958 0.922057
0 0.817155 0.35263 0.0753251 0.102824 0.919946
0 0.273707 0.595651 0.103033 0.141475 0.914147
0 0.121026 0.45879 0.0832943 0.125954 0.909697
0 0.240339 0.951513 0.15322 0.0969744 0.906534
0 0.540521 0.952744 0.153292 0.0945117 0.905074
0 0.357721 0.214728 0.0491677 0.0686898 0.896313
0 0.271076 0.387391 0.0717882 0.107177 0.896097
0 0.151744 0.76891 0.129125 0.199578 0.890399
0 0.777722 0.442738 0.0902603 0.123108 0.883044
0 0.286565 0.325449 0.0616564 0.0765589 0.882156
0 0.653817 0.279992 0.0652866 0.103183 0.882046
0 0.0255021 0.373565 0.0497647 0.171769 0.871036
0 0.327442 0.16557 0.0441316 0.0806973 0.861885
0 0.969399 0.633623 0.0612015 0.165367 0.832619
0 0.748406 0.122642 0.0584889 0.11828 0.829356
0 0.190961 0.297116 0.0638435 0.081092 0.806164
0 0.629656 0.13029 0.0388577 0.0630884 0.776886
0 0.832243 0.0515262 0.0594406 0.101955 0.76276
0 0.317378 0.0913302 0.0865336 0.156659 0.759491
0 0.693036 0.145546 0.0513727 0.117242 0.721592
0 0.575869 0.174754 0.0438442 0.0635027 0.670859
0 0.0135913 0.970799 0.0271827 0.0581249 0.621307
0 0.669455 0.096917 0.0409722 0.0588438 0.371536
0 0.399212 0.0999248 0.0720009 0.132363 0.332922
0 0.781192 0.0709284 0.027783 0.0450968 0.283173
