0 0.536928 0.955436 0.157679 0.0891279 0.917243
0 0.293582 0.562369 0.0857986 0.124315 0.902828
0 0.678138 0.325882 0.0664429 0.0944971 0.899766
0 0.133335 0.783034 0.12774 0.196875 0.899031
0 0.273042 0.332282 0.0628581 0.0892684 0.894898
0 0.64699 0.251898 0.0562351 0.0802135 0.894673
0 0.894255 0.417971 0.0873428 0.121252 0.893616
0 0.369892 0.209636 0.0489861 0.0613896 0.885708
0 0.73148 0.217986 0.0515761 0.0786576 0.878125
0 0.65705 0.165777 0.0474936 0.071926 0.877846
0 0.204448 0.137635 0.0905153 0.187965 0.854807
0 0.131603 0.593173 0.137559 0.234974 0.841246
0 0.221107 0.252884 0.0570015 0.101086 0.839006
0 0.360748 0.713965 0.127989 0.191043 0.835987
0 0.286524 0.162659 0.0722286 0.154352 0.825475
0 0.795036 0.066406 0.0545752 0.115523 0.818595
0 0.672473 0.101386 0.0372789 0.0522445 0.796015
0 0.724909 0.0859947 0.0444384 0.100957 0.722194
0 0.393999 0.177368 0.0444386 0.0605638 0.704147
0 0.113177 0.458094 0.0876455 0.0695872 0.416535
0 0.0136887 0.659585 0.0273774 0.0401865 0.311831
0 0.421829 0.121165 0.0392967 0.0572739 0.25965
