0 0.858541 0.366648 0.0961386 0.156526 0.904716
0 0.459915 0.952164 0.152754 0.0956715 0.903005
0 0.725412 0.596378 0.101047 0.138875 0.891175
0 0.729164 0.390196 0.071978 0.111331 0.887016
0 0.642065 0.213494 0.0488969 0.0705524 0.88487
0 0.346955 0.281387 0.0647812 0.100974 0.883225
0 0.0295093 0.634543 0.0576789 0.160768 0.880215
0 0.182803 0.353453 0.0722898 0.0992074 0.879543
0 0.712975 0.492791 0.080365 0.102096 0.878539
0 0.847429 0.768594 0.128258 0.198778 0.872217
0 0.879179 0.45788 0.081588 0.123308 0.87039
0 0.760298 0.952146 0.153206 0.095273 0.870189
0 0.252184 0.114757 0.0576497 0.130598 0.869834
0 0.672816 0.166489 0.0432393 0.081681 0.853871
0 0.221225 0.444828 0.0910864 0.121021 0.850124
0 0.807372 0.297418 0.0617599 0.0767402 0.813893
0 0.713852 0.324789 0.0568475 0.0755737 0.806756
0 0.97402 0.371333 0.0519609 0.171575 0.791323
0 0.37079 0.128842 0.040578 0.063941 0.752466
0 0.30744 0.147605 0.0538948 0.11374 0.743193
0 0.424013 0.172589 0.0434681 0.0690248 0.741813
0 0.680867 0.0896331 0.0920656 0.157749 0.727794
0 0.170817 0.051318 0.0533039 0.10123 0.652043
0 0.990376 0.971347 0.0192474 0.0573061 0.273895
