0 0.632139 0.956555 0.0748477 0.0868752 0.866064
0 0.116536 0.846567 0.114665 0.188499 0.847939
0 0.131416 0.695796 0.0471062 0.0691165 0.841048
0 0.654273 0.662268 0.0435851 0.0732639 0.830069
0 0.176759 0.65233 0.0504924 0.0720194 0.82963
0 0.241863 0.673016 0.0430699 0.0629025 0.819904
0 0.414874 0.637362 0.049356 0.0769113 0.80932
0 0.0353665 0.848046 0.0577128 0.0924225 0.785572
0 0.0927214 0.737879 0.0478701 0.0653028 0.771637
0 0.742444 0.668586 0.0567904 0.0942653 0.758228
0 0.341226 0.550287 0.0420414 0.0624369 0.752586
0 0.801048 0.606643 0.0381714 0.0415987 0.71928
0 0.494836 0.50868 0.0388128 0.0542763 0.514859
