0 0.209429 0.804347 0.101918 0.170092 0.888498
0 0.0903191 0.939813 0.0653756 0.0888668 0.866204
0 0.128897 0.810484 0.0567995 0.0851718 0.854048
0 0.822122 0.652179 0.0377846 0.056934 0.846723
0 0.190122 0.680783 0.0426444 0.0660372 0.835768
0 0.758347 0.728453 0.0621665 0.102772 0.831815
0 0.23221 0.636136 0.046016 0.0667363 0.826433
0 0.661971 0.734241 0.04726 0.0785246 0.824153
0 0.468357 0.603861 0.046126 0.073147 0.823238
0 0.151185 0.715336 0.0399471 0.0589828 0.810989
0 0.305055 0.638093 0.0399482 0.0588033 0.808286
0 0.767732 0.614778 0.0370832 0.0351238 0.756385
0 0.391707 0.53306 0.0368597 0.0608736 0.64865
0 0.535578 0.500588 0.0295115 0.0517798 0.359228
