0 0.580797 0.471421 0.0563119 0.120551 0.84249
0 0.629688 0.665921 0.0546196 0.0815618 0.840155
0 0.345452 0.604319 0.0411171 0.0715157 0.836323
0 0.953153 0.881823 0.0933651 0.197491 0.835731
0 0.386441 0.902791 0.0754986 0.112229 0.833677
0 0.696698 0.560544 0.0461267 0.065575 0.830008
0 0.954771 0.747738 0.0513798 0.0673708 0.828074
0 0.264543 0.617069 0.055333 0.0935203 0.822701
0 0.864805 0.661885 0.0524685 0.0739319 0.812464
0 0.914949 0.701886 0.0478409 0.0757305 0.790135
0 0.808527 0.697237 0.0446651 0.0722179 0.769013
0 0.532602 0.51638 0.0367924 0.0547699 0.752439
