0 0.946795 0.837675 0.0579651 0.0926485 0.859414
0 0.361547 0.961662 0.0778464 0.076676 0.854792
0 0.253243 0.675678 0.0567849 0.0908079 0.846466
0 0.865124 0.835613 0.110006 0.181697 0.840354
0 0.745381 0.662537 0.041584 0.0604467 0.821821
0 0.857092 0.689592 0.0454487 0.0698588 0.82157
0 0.648345 0.544554 0.0415321 0.0644814 0.816094
0 0.811883 0.64549 0.0494265 0.0705069 0.805076
0 0.575454 0.626046 0.0493486 0.0767389 0.794877
0 0.895419 0.727944 0.0451107 0.0589738 0.790606
0 0.343241 0.667568 0.0426333 0.0784018 0.789045
0 0.1944 0.608809 0.0376626 0.0470121 0.713966
0 0.988299 0.971588 0.0222023 0.0566013 0.541094
0 0.550136 0.472807 0.0557188 0.115184 0.40055
0 0.991282 0.970611 0.0174355 0.0587788 0.342626
