0 0.0699108 0.946949 0.0678908 0.0879549 0.888654
0 0.194804 0.807521 0.10592 0.174053 0.869147
0 0.756059 0.718361 0.0600403 0.0979134 0.856409
0 0.457944 0.608682 0.0472885 0.0699593 0.839531
0 0.114565 0.816269 0.057217 0.0878632 0.837488
0 0.817702 0.644749 0.0382212 0.05398 0.83548
0 0.180595 0.68237 0.0430373 0.0673744 0.820377
0 0.221988 0.639124 0.0475866 0.0678679 0.815903
0 0.141013 0.717931 0.0402127 0.0602495 0.814015
0 0.382726 0.535324 0.0403957 0.0611851 0.805334
0 0.659783 0.719098 0.0466421 0.0792484 0.779839
0 0.293645 0.643326 0.041363 0.0609087 0.755991
0 0.654621 0.989781 0.0672703 0.0195547 0.585987
0 0.76205 0.61136 0.0385183 0.0239561 0.504435
0 0.476104 0.464318 0.0510197 0.109563 0.456399
0 0.527897 0.50094 0.0362066 0.0524223 0.405232
