0 0.37877 0.860401 0.0720287 0.114096 0.849579
0 0.254641 0.589121 0.0537671 0.0819744 0.84567
0 0.819753 0.699255 0.0493061 0.066174 0.83983
0 0.579224 0.460027 0.0560482 0.127699 0.839631
0 0.699713 0.553312 0.0475901 0.0690254 0.825884
0 0.635443 0.666022 0.0565514 0.084693 0.823844
0 0.960669 0.739535 0.051622 0.0681239 0.817778
0 0.33157 0.573653 0.0406947 0.0598192 0.815064
0 0.869264 0.651942 0.0517542 0.0738371 0.814315
0 0.920567 0.692197 0.0490974 0.075025 0.805583
0 0.530469 0.507283 0.0385116 0.0594513 0.720617
0 0.0423636 0.96972 0.0828311 0.0603352 0.710234
0 0.962997 0.881784 0.0740068 0.205552 0.648158
