0 0.0526334 0.876604 0.103274 0.203467 0.913828
0 0.613024 0.908655 0.0746494 0.120073 0.862049
0 0.306848 0.559499 0.0457845 0.0637295 0.854161
0 0.197124 0.69474 0.0434607 0.0680984 0.83666
0 0.0905627 0.701339 0.0485371 0.0746744 0.836286
0 0.375173 0.66326 0.0521479 0.0793679 0.830435
0 0.139536 0.660087 0.0506962 0.0725227 0.827119
0 0.050402 0.746707 0.0509294 0.0664734 0.823696
0 0.469859 0.517554 0.0349573 0.0535031 0.804953
0 0.736023 0.622973 0.0551878 0.0915298 0.804315
0 0.654985 0.609214 0.0413465 0.0703738 0.779663
0 0.421178 0.504689 0.0491012 0.0569416 0.700665
0 0.424635 0.454519 0.05203 0.0823082 0.289671
