0 0.619607 0.859746 0.0765856 0.11084 0.878125
0 0.744953 0.589163 0.053492 0.0802229 0.866042
0 0.130353 0.652841 0.051631 0.073539 0.860112
0 0.0804018 0.692963 0.0510807 0.0764349 0.859418
0 0.36523 0.665722 0.054954 0.0838308 0.853764
0 0.0383668 0.739511 0.053595 0.0676643 0.838103
0 0.667334 0.573431 0.0398535 0.0589445 0.83304
0 0.181238 0.698232 0.0488768 0.0674591 0.832095
0 0.299592 0.553178 0.0475718 0.0682418 0.817286
0 0.0366906 0.876965 0.0733579 0.223417 0.78622
0 0.468977 0.506319 0.0367616 0.0624836 0.733545
0 0.959237 0.969462 0.0815258 0.0610752 0.699731
0 0.421331 0.462401 0.0573832 0.126574 0.551121
