0 0.142944 0.832743 0.110956 0.185629 0.864247
0 0.640644 0.967104 0.0768284 0.0656214 0.850568
0 0.25834 0.660913 0.043748 0.0598962 0.843447
0 0.14797 0.69017 0.0453075 0.069825 0.841217
0 0.193006 0.646228 0.0493499 0.0699501 0.834638
0 0.747885 0.683557 0.0568279 0.0925919 0.823289
0 0.430608 0.626302 0.0483664 0.0760052 0.820436
0 0.0621662 0.836167 0.0576034 0.0912849 0.815189
0 0.109898 0.729008 0.0461118 0.061466 0.808411
0 0.657734 0.677598 0.0456578 0.0748624 0.796342
0 0.0170427 0.967134 0.0340853 0.0657327 0.791085
0 0.80695 0.614111 0.0378147 0.0495966 0.782615
0 0.355346 0.54451 0.0424151 0.0654396 0.773494
0 0.505847 0.50668 0.0353754 0.056238 0.281867
