0 0.0562803 0.874815 0.109927 0.19227 0.902429
0 0.615854 0.91695 0.0804744 0.117713 0.876277
0 0.095699 0.702653 0.048375 0.0707362 0.875902
0 0.0554678 0.746145 0.0505607 0.0644444 0.836179
0 0.37975 0.660512 0.0493563 0.0808656 0.833831
0 0.144023 0.66085 0.0502032 0.0726259 0.833637
0 0.203046 0.694558 0.044178 0.0661539 0.833139
0 0.311175 0.560154 0.0458103 0.0641521 0.828175
0 0.655346 0.614888 0.0411072 0.0733745 0.782512
0 0.737557 0.628421 0.0541561 0.0926312 0.755341
0 0.423312 0.505672 0.0492725 0.0570562 0.615785
0 0.474065 0.515238 0.0339125 0.0567387 0.497745
0 0.427455 0.45378 0.0548561 0.078194 0.270084
