0 0.0465421 0.957149 0.0672292 0.0857018 0.907016
0 0.1757 0.817518 0.106009 0.176687 0.875003
0 0.751927 0.710423 0.0569998 0.0993448 0.874927
0 0.168151 0.688168 0.0452681 0.0682351 0.851111
0 0.0963346 0.826009 0.0590086 0.0870342 0.839415
0 0.811864 0.637933 0.0367193 0.0546824 0.825983
0 0.447499 0.616151 0.0485578 0.0721673 0.819392
0 0.656586 0.711475 0.0451622 0.0786585 0.818431
0 0.211295 0.64423 0.0489863 0.0687715 0.81061
0 0.130717 0.724086 0.0442581 0.0607609 0.800626
0 0.651225 0.987371 0.0743135 0.0247383 0.793494
0 0.281346 0.653301 0.042757 0.0617459 0.790383
0 0.371775 0.540274 0.0406128 0.0583011 0.761531
0 0.468128 0.47173 0.0540835 0.105702 0.425154
0 0.518484 0.504502 0.0340651 0.0507087 0.415773
0 0.341761 0.629664 0.0355563 0.0359467 0.413812
