0 0.13456 0.836578 0.111799 0.183514 0.908109
0 0.143078 0.690189 0.0462722 0.0685532 0.878069
0 0.638565 0.962308 0.0764414 0.075384 0.86134
0 0.0529076 0.837433 0.0559146 0.0892025 0.851549
0 0.254121 0.662857 0.0419225 0.0604434 0.846991
0 0.744786 0.677728 0.0567575 0.0905491 0.822456
0 0.187479 0.64565 0.0487309 0.0697078 0.822337
0 0.6566 0.667183 0.0432839 0.0812224 0.793175
0 0.350979 0.544765 0.0448945 0.0644212 0.786165
0 0.805343 0.608837 0.0368023 0.0490627 0.777381
0 0.425627 0.627569 0.0492042 0.0753983 0.765864
0 0.104612 0.730231 0.0469631 0.0607643 0.750638
0 0.0115941 0.970504 0.0221123 0.0589917 0.651473
