0 0.907502 0.855573 0.119078 0.193024 0.875051
0 0.770112 0.682052 0.0425669 0.0656476 0.851713
0 0.372193 0.948706 0.083779 0.102197 0.83184
0 0.597236 0.644096 0.0496994 0.0802057 0.824735
0 0.667875 0.555798 0.0419043 0.0635178 0.812833
0 0.257785 0.654555 0.0585489 0.093663 0.808997
0 0.83277 0.655105 0.0482029 0.0708658 0.797196
0 0.560915 0.472705 0.0575916 0.114068 0.796265
0 0.880642 0.697735 0.0467354 0.0709019 0.793212
0 0.919588 0.739667 0.0455738 0.060331 0.784389
0 0.511267 0.510541 0.0347218 0.0569124 0.780678
0 0.342914 0.644442 0.0410745 0.0735697 0.722848
0 0.980725 0.855197 0.0385508 0.0944557 0.675542
0 0.966623 0.986539 0.0395981 0.0261623 0.319871
