0 0.356233 0.974576 0.0790392 0.0508484 0.859548
0 0.923401 0.834277 0.0601892 0.0902603 0.859011
0 0.249942 0.696446 0.0581148 0.0952362 0.857414
0 0.973161 0.964477 0.0536772 0.0710451 0.83617
0 0.84114 0.829468 0.106713 0.177219 0.834984
0 0.844093 0.690439 0.0448734 0.0698044 0.829912
0 0.799168 0.646504 0.0487454 0.0698292 0.818722
0 0.190518 0.623707 0.0367462 0.0543734 0.806694
0 0.73207 0.659527 0.0412844 0.0618346 0.805078
0 0.881925 0.729035 0.0456572 0.060828 0.80132
0 0.635927 0.545657 0.0424212 0.0613579 0.781191
0 0.562048 0.623094 0.0476151 0.073207 0.775542
0 0.342189 0.692902 0.0447093 0.0759104 0.766528
0 0.540211 0.469285 0.0498541 0.109368 0.673019
0 0.487147 0.511221 0.0381105 0.0609386 0.283936
