0 0.828628 0.823736 0.106425 0.173477 0.893906
0 0.960515 0.960782 0.0678322 0.0783104 0.878974
0 0.909404 0.829873 0.0602142 0.0898891 0.837691
0 0.343212 0.705118 0.0449991 0.0772138 0.829926
0 0.792974 0.644815 0.0477879 0.0688489 0.82647
0 0.353973 0.981331 0.0842123 0.0369057 0.80369
0 0.72283 0.656169 0.0433521 0.0622482 0.800422
0 0.630231 0.543209 0.03981 0.0616322 0.79856
0 0.188932 0.633782 0.0375469 0.055468 0.791293
0 0.555397 0.620163 0.0448597 0.0711868 0.78513
0 0.835189 0.68881 0.044276 0.0686548 0.769802
0 0.873034 0.726053 0.0423302 0.0602935 0.749999
0 0.249329 0.708544 0.0556511 0.0947914 0.739637
0 0.534863 0.470896 0.0511607 0.108418 0.734577
0 0.48316 0.506378 0.0344254 0.0515789 0.458906
