0 0.0615572 0.870329 0.1206 0.194869 0.897764
0 0.618291 0.922611 0.0809599 0.118486 0.897652
0 0.208959 0.693461 0.0449528 0.0656326 0.848854
0 0.101295 0.701238 0.0479964 0.0730936 0.841245
0 0.149906 0.658685 0.0494873 0.0735025 0.828368
0 0.316597 0.558806 0.0467432 0.0659189 0.825696
0 0.0610356 0.746654 0.0487792 0.0654779 0.818688
0 0.739852 0.633592 0.0535283 0.0890972 0.813401
0 0.384536 0.656738 0.0489457 0.0823763 0.809867
0 0.656391 0.620003 0.041463 0.0743284 0.801237
0 0.430318 0.471005 0.0545368 0.117099 0.749688
0 0.477262 0.505885 0.0385639 0.0745781 0.618317
