0 0.0370996 0.960642 0.0688334 0.0787168 0.88535
0 0.170671 0.821353 0.106782 0.180815 0.853452
0 0.751581 0.706365 0.0554842 0.097213 0.850059
0 0.647766 0.9825 0.0789528 0.0348017 0.843687
0 0.810576 0.634207 0.0378336 0.0551822 0.841476
0 0.0902771 0.829302 0.0589582 0.0905746 0.841271
0 0.65682 0.705433 0.0452954 0.0755867 0.82885
0 0.163918 0.689212 0.0430244 0.0688911 0.826044
0 0.20775 0.645364 0.046883 0.0696318 0.813026
0 0.44451 0.620651 0.0486897 0.0716672 0.795239
0 0.125833 0.726568 0.044199 0.0596244 0.760299
0 0.277627 0.656103 0.0436865 0.0629213 0.756382
0 0.368783 0.542393 0.0396245 0.0616947 0.72748
0 0.465422 0.470371 0.0488041 0.106746 0.466696
0 0.516403 0.51151 0.0373743 0.0621104 0.409822
