0 0.156693 0.830151 0.107642 0.177296 0.889324
0 0.74912 0.697899 0.0564426 0.0925166 0.870051
0 0.643324 0.975964 0.0817327 0.048073 0.868065
0 0.0269867 0.964055 0.0528306 0.0718902 0.857251
0 0.156598 0.690587 0.0462396 0.0695131 0.848479
0 0.200573 0.647516 0.0476745 0.0711161 0.839331
0 0.077779 0.83427 0.05643 0.0872831 0.839287
0 0.438192 0.622831 0.0458731 0.073588 0.822163
0 0.657374 0.692488 0.0449486 0.0758403 0.820831
0 0.809584 0.624337 0.0366577 0.0552309 0.813136
0 0.119351 0.730791 0.0452574 0.0617283 0.792631
0 0.268048 0.660839 0.042397 0.0619405 0.787397
0 0.363333 0.546071 0.044692 0.0619329 0.763387
0 0.460008 0.470595 0.0513543 0.111283 0.517346
0 0.508332 0.510749 0.0352378 0.0578919 0.433836
