0 0.0593546 0.957784 0.101131 0.0843924 0.869919
0 0.701801 0.553332 0.0478576 0.0697323 0.852711
0 0.826523 0.705684 0.0520123 0.0680433 0.848791
0 0.965443 0.739869 0.0524294 0.0683157 0.843843
0 0.872469 0.651835 0.0527859 0.0760781 0.841924
0 0.370877 0.837023 0.0709612 0.108438 0.83659
0 0.63969 0.670504 0.0570944 0.0882776 0.836025
0 0.246436 0.573551 0.0535419 0.0723381 0.825885
0 0.924468 0.691689 0.0505867 0.0747501 0.817291
0 0.528661 0.504751 0.0376316 0.0623084 0.764946
0 0.578246 0.459337 0.0557238 0.129325 0.752413
0 0.321072 0.558746 0.0414836 0.0461817 0.729084
0 0.974064 0.882027 0.0518722 0.220578 0.469416
