0 0.150174 0.834293 0.111836 0.178389 0.886024
0 0.151779 0.690396 0.0452981 0.07085 0.847721
0 0.264413 0.661312 0.0436469 0.0623638 0.84685
0 0.642541 0.970993 0.0788248 0.0578651 0.82777
0 0.749124 0.690179 0.0557579 0.0919958 0.825717
0 0.0690254 0.83584 0.0577676 0.0879661 0.824904
0 0.808732 0.61913 0.0370008 0.0530154 0.823046
0 0.021352 0.966152 0.0427041 0.067697 0.821429
0 0.657462 0.685595 0.0446476 0.0739226 0.818449
0 0.19774 0.645748 0.0482197 0.0717414 0.807978
0 0.435798 0.623908 0.0472073 0.0746941 0.788651
0 0.11419 0.730441 0.0470219 0.0630474 0.77637
0 0.359451 0.544848 0.0426071 0.0644667 0.677397
0 0.460403 0.45307 0.0470943 0.0795537 0.502221
0 0.507023 0.510844 0.0360414 0.0550131 0.316916
