0 0.55848 0.472961 0.0563852 0.114693 0.843971
0 0.371639 0.953826 0.0763254 0.0923473 0.825507
0 0.892869 0.847887 0.113423 0.191616 0.823478
0 0.257841 0.666721 0.058293 0.0930977 0.81576
0 0.589701 0.639563 0.0493288 0.0780338 0.814976
0 0.826917 0.654165 0.0500336 0.0714285 0.814463
0 0.762271 0.676804 0.0415266 0.0625799 0.810407
0 0.34596 0.657097 0.0440474 0.0737284 0.808768
0 0.661922 0.554 0.0423141 0.0607243 0.790704
0 0.912566 0.737689 0.0481522 0.0604101 0.782072
0 0.97269 0.851721 0.0533478 0.0943851 0.781462
0 0.873743 0.695683 0.0453836 0.0689129 0.78107
0 0.507095 0.509649 0.0344433 0.0562141 0.687281
0 0.199918 0.605782 0.0365495 0.0397696 0.429295
