0 0.0579804 0.95366 0.0674611 0.0912586 0.879002
0 0.186038 0.815962 0.106062 0.174104 0.877765
0 0.753714 0.714985 0.0574532 0.0981009 0.867947
0 0.814792 0.641779 0.0383992 0.0548645 0.851716
0 0.105353 0.821682 0.0593804 0.0868033 0.841979
0 0.134901 0.721831 0.0421027 0.0610041 0.838943
0 0.216745 0.64062 0.0467436 0.0706007 0.836224
0 0.657562 0.714818 0.0460084 0.0796656 0.834842
0 0.173916 0.683999 0.045681 0.0672432 0.824467
0 0.453417 0.612186 0.0472307 0.0717342 0.816779
0 0.286002 0.647572 0.0417431 0.0631825 0.802212
0 0.651006 0.987958 0.0619579 0.0238192 0.772279
0 0.377931 0.538443 0.0396276 0.0583801 0.718095
0 0.470431 0.465831 0.0490109 0.104616 0.588462
0 0.75888 0.610511 0.0404423 0.0211731 0.288451
0 0.523397 0.502773 0.0315005 0.0484249 0.259331
