0 0.097922 0.937742 0.0658198 0.0843218 0.879031
0 0.823416 0.660073 0.0373775 0.0566481 0.863151
0 0.216894 0.80101 0.104127 0.16525 0.859915
0 0.194413 0.681383 0.0455375 0.0658564 0.855819
0 0.135511 0.811006 0.0574992 0.0844242 0.835734
0 0.157813 0.715992 0.0428103 0.0614506 0.835668
0 0.662833 0.742055 0.0473446 0.0805124 0.825091
0 0.308551 0.637676 0.0419724 0.0578667 0.816262
0 0.235956 0.636463 0.0465584 0.0669603 0.813459
0 0.470686 0.603141 0.0445195 0.0708377 0.793106
0 0.759551 0.739658 0.059836 0.097735 0.780879
0 0.394127 0.534754 0.0393055 0.059845 0.748737
0 0.767968 0.62139 0.0373238 0.0355776 0.728339
0 0.536395 0.503375 0.0280867 0.0526548 0.328686
