0 0.932541 0.86339 0.125163 0.201723 0.878721
0 0.377667 0.930861 0.0758988 0.118385 0.856934
0 0.606801 0.651893 0.0539603 0.0814598 0.8475
0 0.932214 0.744526 0.0484894 0.0655928 0.842504
0 0.257362 0.639367 0.0563814 0.0855337 0.820018
0 0.6767 0.557281 0.0458302 0.0657274 0.813493
0 0.341063 0.624737 0.0413053 0.0740046 0.807094
0 0.843731 0.656947 0.0505074 0.0732204 0.803272
0 0.892768 0.700191 0.0455835 0.0706336 0.801754
0 0.782228 0.690268 0.0434568 0.0641197 0.77969
0 0.516895 0.512204 0.0360688 0.0566877 0.674692
0 0.565314 0.471768 0.0560785 0.113354 0.651788
