0 0.0778582 0.861479 0.121801 0.195973 0.884325
0 0.62528 0.937371 0.0782763 0.119232 0.857735
0 0.398262 0.650981 0.0513867 0.0805273 0.842839
0 0.22058 0.686461 0.0452044 0.0628589 0.836686
0 0.326931 0.557127 0.0452837 0.0655691 0.83374
0 0.112637 0.699897 0.047139 0.0721423 0.829982
0 0.658322 0.633627 0.0433866 0.0733788 0.827322
0 0.743443 0.644119 0.0541713 0.0918434 0.819092
0 0.160697 0.657323 0.0483003 0.0722807 0.801466
0 0.0730965 0.742672 0.0489036 0.0630934 0.786955
0 0.483474 0.51395 0.0358484 0.0531886 0.783628
0 0.0117145 0.860819 0.023429 0.102818 0.530607
0 0.436402 0.47296 0.0540664 0.113061 0.263505
0 0.434441 0.500277 0.0495769 0.0553553 0.256935
