0 0.130476 0.655072 0.0518567 0.0755371 0.882241
0 0.081131 0.697989 0.0493492 0.0761312 0.875522
0 0.740696 0.597631 0.0536737 0.0850472 0.870182
0 0.615891 0.873518 0.0723053 0.1129 0.851477
0 0.365003 0.665179 0.0546978 0.0839669 0.851124
0 0.662774 0.583327 0.041331 0.0611883 0.845345
0 0.0405257 0.74213 0.0531018 0.0687016 0.844431
0 0.0380671 0.881748 0.0761343 0.216579 0.826944
0 0.182816 0.70158 0.0474499 0.0697397 0.826348
0 0.298526 0.556855 0.0486264 0.0671595 0.796996
0 0.46743 0.508314 0.0373919 0.0629219 0.740792
0 0.418675 0.466055 0.0567925 0.126218 0.401161
0 0.965946 0.974356 0.0681085 0.0509617 0.386823
0 0.332551 0.989858 0.110884 0.0195827 0.263129
