0 0.384785 0.881869 0.0724366 0.116165 0.862554
0 0.581284 0.46708 0.0559997 0.124281 0.852511
0 0.340852 0.590237 0.0407838 0.0665309 0.848194
0 0.699502 0.557052 0.0465048 0.0699627 0.841079
0 0.26135 0.604167 0.0545289 0.0856087 0.832671
0 0.634826 0.665738 0.0552582 0.0850878 0.826938
0 0.868467 0.656676 0.0519257 0.0764311 0.822143
0 0.959153 0.744801 0.0508318 0.0665585 0.819574
0 0.919544 0.699307 0.048741 0.0769743 0.816981
0 0.815972 0.702159 0.0483501 0.0698126 0.806273
0 0.53232 0.513198 0.0386138 0.0583629 0.789537
0 0.0291639 0.979962 0.0583278 0.0399296 0.520912
0 0.95839 0.881955 0.083157 0.209716 0.479003
