0 0.622238 0.930136 0.0821794 0.115965 0.880398
0 0.107882 0.70044 0.0476861 0.0710346 0.879935
0 0.393631 0.651969 0.0508652 0.0807791 0.870483
0 0.0671364 0.863335 0.129694 0.20047 0.866413
0 0.155878 0.657919 0.0508295 0.0728016 0.853767
0 0.321859 0.558112 0.046111 0.0639406 0.835925
0 0.216323 0.689202 0.0441182 0.0631783 0.81993
0 0.658018 0.625076 0.0428848 0.074567 0.81814
0 0.74202 0.637712 0.0557205 0.0887781 0.818002
0 0.0679048 0.744015 0.0497441 0.0636972 0.815498
0 0.481734 0.513967 0.0367912 0.0539757 0.720696
0 0.434578 0.470897 0.0561655 0.116639 0.533075
