0 0.940629 0.957749 0.0979576 0.0838095 0.880673
0 0.359416 0.671272 0.0580159 0.0888599 0.860058
0 0.127626 0.651775 0.0530176 0.0763287 0.855962
0 0.627703 0.838096 0.0709608 0.107431 0.851398
0 0.0352194 0.740529 0.0529826 0.0707407 0.846387
0 0.752416 0.574372 0.0526479 0.0723192 0.830504
0 0.17345 0.706058 0.0500678 0.0671751 0.821505
0 0.0759131 0.692253 0.049182 0.0752253 0.814198
0 0.297452 0.553277 0.0475848 0.0710364 0.807634
0 0.677838 0.559182 0.039089 0.0467646 0.797574
0 0.0266541 0.876787 0.0527167 0.227296 0.793645
0 0.471024 0.506477 0.0384068 0.0608056 0.769038
0 0.0188779 0.991506 0.0340435 0.0158451 0.326042
0 0.421339 0.486064 0.0554468 0.07773 0.267774
