0 0.937745 0.869195 0.123203 0.198143 0.881549
0 0.380991 0.922931 0.0762918 0.119637 0.877182
0 0.791318 0.693131 0.0468008 0.0672619 0.852907
0 0.614168 0.654585 0.051681 0.0866457 0.814013
0 0.683428 0.558852 0.044176 0.0648506 0.806552
0 0.898688 0.701438 0.0478264 0.0721185 0.804416
0 0.849712 0.658615 0.05033 0.0721516 0.794682
0 0.938537 0.745605 0.0477821 0.0655499 0.789216
0 0.259111 0.632386 0.0575172 0.0908802 0.78672
0 0.343021 0.619285 0.0403609 0.0748028 0.757722
0 0.57118 0.470948 0.0567231 0.11929 0.611039
0 0.52108 0.514897 0.0351851 0.0562804 0.574539
