0 0.108534 0.849686 0.115047 0.188445 0.851406
0 0.125935 0.69668 0.0452125 0.0690828 0.836593
0 0.741671 0.667425 0.0547161 0.0892933 0.834839
0 0.627788 0.95483 0.0741869 0.0903395 0.830702
0 0.173217 0.654911 0.0495203 0.0710764 0.81798
0 0.654122 0.658318 0.0425735 0.0712967 0.806193
0 0.336903 0.554131 0.0434999 0.0620019 0.804054
0 0.0276286 0.85138 0.0538558 0.0960344 0.797176
0 0.409311 0.640593 0.0484198 0.0759098 0.792682
0 0.0865977 0.736687 0.0499467 0.0577598 0.781053
0 0.236996 0.678386 0.0405372 0.0624077 0.768487
0 0.440941 0.474014 0.0567699 0.115736 0.701737
0 0.489889 0.509211 0.0392057 0.0568279 0.675494
0 0.799179 0.606059 0.0376034 0.0383076 0.652661
