0 0.784489 0.800642 0.0985264 0.164144 0.896603
0 0.899606 0.938395 0.0653645 0.0853712 0.865686
0 0.53001 0.603515 0.0476394 0.0723341 0.846035
0 0.864975 0.809968 0.055793 0.0851078 0.836259
0 0.763737 0.635844 0.046022 0.0681892 0.821592
0 0.806116 0.680662 0.0423298 0.0662426 0.820499
0 0.843134 0.717046 0.0430309 0.0637377 0.814674
0 0.691219 0.637228 0.0406916 0.0579802 0.805816
0 0.239338 0.737857 0.0587283 0.100669 0.805416
0 0.17686 0.658945 0.0382547 0.0559097 0.805067
0 0.605271 0.534752 0.0385572 0.060344 0.801902
0 0.337377 0.741593 0.0480628 0.0807789 0.791846
0 0.231405 0.618831 0.0363039 0.0419659 0.762512
0 0.463727 0.502863 0.0329565 0.0532371 0.461987
0 0.274194 0.941161 0.125662 0.117679 0.30078
