0 0.856018 0.834071 0.109358 0.179968 0.873631
0 0.359617 0.966623 0.0763227 0.0667543 0.865718
0 0.740673 0.661261 0.0430621 0.0592971 0.835268
0 0.938801 0.836288 0.0552593 0.0909035 0.832967
0 0.570416 0.625887 0.0480589 0.0744946 0.830448
0 0.852289 0.688958 0.0443243 0.0686097 0.811196
0 0.644235 0.543809 0.0411995 0.0650162 0.803427
0 0.252499 0.683817 0.0542912 0.0896589 0.801228
0 0.807274 0.644041 0.0477527 0.0701513 0.800759
0 0.342281 0.675508 0.043844 0.0781693 0.794708
0 0.890988 0.728778 0.0438908 0.0606341 0.782039
0 0.192536 0.613884 0.0387797 0.0480433 0.748256
0 0.98341 0.967496 0.0331808 0.065008 0.654289
0 0.546135 0.472015 0.0489111 0.116631 0.424059
