0 0.125909 0.839764 0.113102 0.18335 0.89423
0 0.63417 0.961426 0.0741276 0.0771481 0.88388
0 0.248472 0.66799 0.0454288 0.0629997 0.838054
0 0.345787 0.547278 0.0417464 0.0617002 0.837728
0 0.135641 0.691503 0.0455192 0.0708752 0.834753
0 0.0433197 0.842382 0.0555271 0.093409 0.829965
0 0.182351 0.648195 0.0484963 0.0700695 0.817877
0 0.74291 0.67232 0.0560072 0.0923256 0.811496
0 0.655019 0.665978 0.0450485 0.0738234 0.80725
0 0.0998134 0.731603 0.0473813 0.0616173 0.792938
0 0.419692 0.631014 0.0474773 0.0755348 0.785613
0 0.802564 0.606997 0.0388065 0.0450249 0.751302
0 0.0054303 0.972608 0.0108606 0.0545349 0.443507
