0 0.797063 0.693738 0.043853 0.0680977 0.867612
0 0.94368 0.874612 0.112535 0.196393 0.862442
0 0.383051 0.918216 0.0757052 0.1186 0.849878
0 0.688053 0.559776 0.0442053 0.0654926 0.839806
0 0.904454 0.702596 0.0464636 0.0726885 0.827319
0 0.622388 0.661395 0.0511822 0.0813162 0.821636
0 0.85514 0.660983 0.0508076 0.0742092 0.820331
0 0.343865 0.614098 0.0418471 0.0740219 0.801582
0 0.944521 0.747512 0.0486177 0.0669481 0.799498
0 0.262236 0.629508 0.056451 0.0925986 0.731533
0 0.574792 0.471665 0.0547493 0.120298 0.691197
0 0.525824 0.516127 0.0341614 0.0545398 0.662276
