0 0.0869857 0.858739 0.117924 0.192421 0.872091
0 0.118178 0.699769 0.04708 0.072678 0.871741
0 0.627706 0.942479 0.075894 0.114801 0.853897
0 0.32986 0.55591 0.0431945 0.0653872 0.848546
0 0.226572 0.684072 0.0436554 0.0627188 0.835473
0 0.164711 0.656372 0.0513836 0.0709389 0.82602
0 0.742489 0.65113 0.0554726 0.0850441 0.82392
0 0.402177 0.648171 0.0521008 0.0790166 0.818373
0 0.658319 0.637886 0.0416594 0.0739471 0.797414
0 0.48597 0.512468 0.0363836 0.0530176 0.749982
0 0.0776537 0.740448 0.0482015 0.064497 0.739831
0 0.0168458 0.856601 0.0336917 0.0958639 0.695653
0 0.439663 0.47321 0.0579408 0.113023 0.610662
