0 0.0815205 0.699404 0.0505247 0.075696 0.885798
0 0.041218 0.878066 0.082436 0.218798 0.867445
0 0.0411519 0.745004 0.0525835 0.0666103 0.866721
0 0.365747 0.665866 0.0547657 0.0835481 0.859244
0 0.130919 0.65712 0.0511301 0.0739059 0.857765
0 0.658627 0.591359 0.0419322 0.0662161 0.850677
0 0.61341 0.882921 0.0715706 0.114269 0.835832
0 0.299693 0.557489 0.0489442 0.0691283 0.814668
0 0.738618 0.605365 0.0535233 0.0858404 0.803533
0 0.466804 0.513132 0.0388556 0.0577354 0.790514
0 0.184185 0.701946 0.0471905 0.0665344 0.788116
0 0.416712 0.469274 0.0529352 0.124722 0.280677
