0 0.047935 0.879 0.0958701 0.200672 0.885969
0 0.370336 0.665948 0.0519806 0.0813066 0.866194
0 0.612303 0.902241 0.0750738 0.10963 0.849727
0 0.0453781 0.748292 0.0518604 0.0672493 0.827975
0 0.302582 0.560626 0.0461189 0.0650641 0.824534
0 0.135634 0.661489 0.0493027 0.0737286 0.821317
0 0.735132 0.616439 0.0579105 0.0940494 0.820631
0 0.0846687 0.701625 0.0491058 0.0746763 0.818172
0 0.191103 0.699487 0.0451344 0.0687927 0.812819
0 0.653987 0.604501 0.0398622 0.0700901 0.811384
0 0.466351 0.517453 0.035531 0.0548365 0.75587
0 0.420077 0.450021 0.0512957 0.0739454 0.495605
0 0.412125 0.505235 0.0411325 0.0551813 0.431707
