0 0.20056 0.879391 0.0858674 0.15889 0.880836
0 0.610129 0.91139 0.068564 0.154838 0.846115
0 0.496972 0.437163 0.0316662 0.0634289 0.815242
0 0.551905 0.437707 0.0336317 0.0735048 0.784529
0 0.634136 0.222111 0.0221855 0.030634 0.770402
0 0.585621 0.247165 0.0281862 0.0494709 0.720707
0 0.539196 0.260781 0.0211134 0.0320612 0.696795
0 0.822205 0.119163 0.0244606 0.0313177 0.67012
0 0.440389 0.236415 0.0651695 0.0988504 0.59431
0 0.355553 0.306611 0.0326407 0.0473186 0.474598
0 0.679155 0.165938 0.0236554 0.028679 0.320072
