0 0.292505 0.576689 0.0514245 0.0905897 0.858001
0 0.586372 0.723829 0.0519812 0.12605 0.839195
0 0.509635 0.398664 0.0271938 0.0539563 0.818164
0 0.558265 0.342322 0.0317486 0.0597672 0.809508
0 0.502736 0.70931 0.047101 0.100603 0.807362
0 0.311469 0.863789 0.069895 0.134511 0.743303
0 0.398673 0.289917 0.0250688 0.0352 0.720203
0 0.633762 0.230682 0.0224869 0.031051 0.71394
0 0.478001 0.238543 0.0598768 0.0805071 0.713577
0 0.605468 0.31316 0.0261038 0.0336668 0.612828
0 0.785674 0.165899 0.0217155 0.0286516 0.363853
