0 0.780139 0.314041 0.079319 0.132197 0.868585
0 0.759254 0.145074 0.0400334 0.0617564 0.85015
0 0.774497 0.648612 0.137018 0.230544 0.837368
0 0.696901 0.137434 0.0381783 0.0596652 0.833477
0 0.889978 0.264155 0.220045 0.316842 0.771149
0 0.678833 0.0953039 0.0309935 0.0457295 0.75812
0 0.921849 0.314159 0.156303 0.262988 0.385406
0 0.94778 0.31563 0.104441 0.263102 0.35923
0 0.892844 0.313838 0.214311 0.273227 0.347913
0 0.483382 0.0334401 0.0190807 0.0279876 0.291134
0 0.456345 0.0351058 0.01922 0.0289576 0.279999
