0 0.0569908 0.592405 0.112996 0.195047 0.901519
0 0.345665 0.213063 0.0435295 0.0667168 0.843563
0 0.30284 0.152194 0.0413381 0.0715698 0.823531
0 0.242873 0.274627 0.0627221 0.101553 0.793022
0 0.228814 0.137378 0.0972523 0.167146 0.788207
0 0.287266 0.092341 0.0269494 0.038342 0.589213
0 0.335792 0.0849638 0.0247925 0.0367265 0.491111
0 0.337223 0.0777014 0.0259234 0.0506506 0.434152
0 0.574412 0.0595429 0.0216185 0.028054 0.349358
0 0.540065 0.0525118 0.0229383 0.0360186 0.33873
0 0.340271 0.0592827 0.02654 0.0374029 0.255797
