0 0.21502 0.411436 0.154216 0.163468 0.923674
0 0.429421 0.303546 0.0918075 0.0929767 0.884846
0 0.302936 0.304255 0.0833173 0.0919106 0.870183
0 0.108209 0.639838 0.216212 0.289592 0.85465
0 0.332317 0.235714 0.0743546 0.0681015 0.85144
0 0.651884 0.378286 0.131312 0.117773 0.847466
0 0.672688 0.512112 0.161278 0.170111 0.844389
0 0.40431 0.548578 0.158082 0.164207 0.843773
0 0.373797 0.178115 0.0601681 0.0548201 0.783598
0 0.780165 0.75369 0.265346 0.291209 0.77711
0 0.356666 0.775912 0.252004 0.369204 0.688924
0 0.411731 0.397225 0.121927 0.104011 0.544981
0 0.35848 0.84029 0.250305 0.229637 0.531122
0 0.468869 0.262642 0.0623671 0.0625122 0.314301
