0 0.917633 0.927543 0.138508 0.0850746 0.931669
0 0.111117 0.715798 0.143549 0.0950177 0.926969
0 0.112844 0.820098 0.150423 0.0927325 0.911247
0 0.919903 0.826383 0.160194 0.089131 0.904776
0 0.274824 0.710854 0.152866 0.0897371 0.892016
0 0.915233 0.725663 0.156176 0.0877328 0.875672
0 0.74254 0.828348 0.16134 0.0919405 0.873535
0 0.731919 0.722578 0.159242 0.0931614 0.869392
0 0.108661 0.924146 0.14735 0.0925224 0.868762
0 0.912398 0.624416 0.158205 0.0954905 0.857227
0 0.736786 0.935199 0.161726 0.0967301 0.848111
0 0.908176 0.519799 0.165355 0.0946384 0.830656
0 0.125482 0.612362 0.163388 0.0922393 0.817673
0 0.287859 0.816283 0.168125 0.0963828 0.804924
0 0.277177 0.936124 0.168872 0.0990714 0.791714
0 0.299277 0.610024 0.149092 0.0898679 0.772802
0 0.735364 0.612442 0.155841 0.0945667 0.74213
0 0.116801 0.507819 0.149253 0.0930608 0.647712
0 0.296913 0.504702 0.15921 0.0889381 0.6255
0 0.28836 0.402467 0.152069 0.0935272 0.591251
0 0.732413 0.510858 0.17081 0.0845055 0.516722
0 0.305019 0.295099 0.164969 0.092984 0.500395
0 0.110169 0.398658 0.14063 0.0888272 0.485784
0 0.729858 0.29898 0.13845 0.0811632 0.456731
0 0.739663 0.401907 0.171558 0.09966 0.444656
0 0.285546 0.212761 0.558877 0.425523 0.366745
0 0.902731 0.991302 0.136249 0.0173953 0.345137
0 0.117496 0.99048 0.119767 0.0190399 0.314447
0 0.73799 0.194674 0.157648 0.0967772 0.293464
0 0.12569 0.290386 0.158365 0.0968494 0.278536
