0 0.466291 0.946876 0.220675 0.0956001 0.733114
0 0.493042 0.831564 0.230348 0.110939 0.705546
0 0.469632 0.616066 0.219097 0.0969637 0.613128
0 0.466423 0.719981 0.206533 0.0924976 0.587449
0 0.46417 0.389638 0.212783 0.100641 0.439376
0 0.461991 0.288155 0.197508 0.0856038 0.343228
0 0.468299 0.507206 0.234515 0.100521 0.329155
0 0.729642 0.717811 0.249948 0.0983753 0.279699
0 0.729026 0.944077 0.227995 0.0951702 0.271232
0 0.714615 0.613465 0.178319 0.085882 0.26051
0 0.173907 0.180437 0.088343 0.176891 0.253392
0 0.499962 0.171225 0.185645 0.090163 0.252753
