0 0.876123 0.856599 0.0726847 0.256148 0.700481
0 0.787897 0.8584 0.0730024 0.246258 0.678913
0 0.955296 0.851434 0.0676691 0.231216 0.650688
0 0.633136 0.856449 0.0644049 0.242453 0.625116
0 0.0396571 0.858103 0.0692815 0.230497 0.577061
0 0.711972 0.862072 0.0639467 0.238363 0.572282
0 0.120175 0.867653 0.0712688 0.203263 0.487925
0 0.450623 0.85677 0.0678524 0.235663 0.471712
0 0.545293 0.852147 0.0678965 0.247582 0.445658
0 0.369856 0.844537 0.0738127 0.257902 0.356952
0 0.208196 0.862194 0.0656648 0.209483 0.352783
0 0.28853 0.853157 0.0640688 0.248449 0.346521
