0 0.430031 0.624699 0.0557084 0.15492 0.816638
0 0.175772 0.626155 0.0527957 0.165919 0.804634
0 0.367099 0.621167 0.0517882 0.112168 0.800066
0 0.101247 0.462883 0.0510008 0.151981 0.754658
0 0.363214 0.450473 0.057574 0.155791 0.738592
0 0.0340072 0.62181 0.0487577 0.136706 0.735069
0 0.501995 0.621798 0.056133 0.149244 0.732942
0 0.302293 0.457051 0.0513936 0.147613 0.71924
0 0.23808 0.450115 0.0577593 0.152807 0.716527
0 0.43268 0.458228 0.0475717 0.117596 0.710979
0 0.24126 0.621323 0.0539655 0.156059 0.691935
0 0.489621 0.451807 0.0577913 0.163488 0.686081
0 0.174425 0.448604 0.0516092 0.150417 0.676821
0 0.554536 0.457475 0.0545377 0.152936 0.638966
0 0.0408542 0.452692 0.0512315 0.142163 0.6371
0 0.87847 0.46024 0.0539589 0.147743 0.6314
0 0.941465 0.621341 0.0541683 0.146651 0.544344
0 0.811636 0.460401 0.0525654 0.146788 0.53784
0 0.567235 0.620404 0.0525066 0.157561 0.537749
0 0.617739 0.455169 0.0526222 0.164297 0.497017
0 0.687552 0.455558 0.055879 0.162761 0.488119
0 0.750456 0.454769 0.0509284 0.142938 0.47885
0 0.817508 0.624036 0.0542207 0.151621 0.454741
0 0.942694 0.462054 0.0502298 0.118701 0.344251
0 0.640389 0.621845 0.0482936 0.151922 0.292304
0 0.757014 0.621884 0.0551281 0.157835 0.251636
