0 0.14038 0.214018 0.0576741 0.184787 0.455005
0 0.268299 0.603678 0.145744 0.087117 0.45411
0 0.526802 0.209698 0.0624269 0.189983 0.452243
0 0.877327 0.619266 0.0600894 0.166502 0.422953
0 0.0609091 0.230286 0.0682967 0.198498 0.401811
0 0.093293 0.532624 0.154802 0.089747 0.389858
0 0.45612 0.204127 0.0643686 0.192893 0.374383
0 0.680156 0.211852 0.0621327 0.187289 0.356154
0 0.80356 0.626067 0.0728431 0.204892 0.351663
0 0.72597 0.626886 0.0688102 0.19239 0.345532
0 0.289537 0.19914 0.0668317 0.193132 0.32884
0 0.248241 0.824374 0.143998 0.0891763 0.310325
0 0.829183 0.212908 0.0634121 0.190332 0.297341
0 0.953061 0.629565 0.0687851 0.188345 0.297144
0 0.727191 0.208648 0.521092 0.417295 0.271163
0 0.756991 0.221581 0.0701586 0.194963 0.25843
