0 0.15575 0.500121 0.0566598 0.169961 0.851963
0 0.352749 0.503334 0.0617703 0.165876 0.775419
0 0.546448 0.50932 0.0562527 0.160605 0.766866
0 0.0979502 0.498861 0.0544402 0.170968 0.762775
0 0.281339 0.500589 0.0529548 0.158585 0.732719
0 0.683248 0.508901 0.0598356 0.16782 0.704306
0 0.423355 0.496742 0.0567364 0.1641 0.700158
0 0.217855 0.506431 0.0571293 0.161533 0.696033
0 0.612485 0.506115 0.0519993 0.13168 0.680051
0 0.48657 0.503017 0.0570965 0.168067 0.669457
0 0.0389039 0.505041 0.0543481 0.171539 0.652553
0 0.2934 0.681433 0.0533667 0.151021 0.644197
0 0.157382 0.69323 0.0540532 0.16146 0.618018
0 0.0913167 0.680631 0.0548514 0.155957 0.617292
0 0.810466 0.5118 0.0540661 0.175453 0.586251
0 0.426974 0.682317 0.0560721 0.166789 0.574122
0 0.490601 0.687678 0.0539019 0.161534 0.574009
0 0.749858 0.511236 0.0534396 0.16299 0.561507
0 0.217598 0.685325 0.0571888 0.164021 0.556575
0 0.0281525 0.685022 0.0547443 0.175928 0.540833
0 0.691084 0.691189 0.0563734 0.166241 0.533304
0 0.872479 0.511554 0.057634 0.173713 0.469231
0 0.875453 0.700507 0.0580034 0.168165 0.423187
0 0.555481 0.684666 0.0520514 0.153904 0.419889
0 0.754512 0.690101 0.0537852 0.162304 0.40271
0 0.815472 0.701037 0.0525612 0.137743 0.38295
0 0.935259 0.519272 0.0559275 0.176225 0.382559
0 0.939918 0.710679 0.0540693 0.157713 0.379689
0 0.618799 0.685504 0.0538816 0.168645 0.36177
