0 0.103737 0.321669 0.0650466 0.06073 0.652845
0 0.0554177 0.0509509 0.106554 0.0574183 0.588978
0 0.151003 0.383578 0.10783 0.101388 0.585722
0 0.0581723 0.124263 0.112486 0.0591308 0.53882
0 0.358889 0.314703 0.113601 0.0647109 0.535115
0 0.0563353 0.00678908 0.112671 0.0135782 0.38149
0 0.53731 0.217162 0.096718 0.0636539 0.347625
0 0.0321218 0.342688 0.0642435 0.0668396 0.342998
0 0.0807766 0.463505 0.106994 0.0781375 0.318774
0 0.020471 0.530149 0.040942 0.0672439 0.316928
0 0.165445 0.596754 0.103188 0.0619278 0.302405
0 0.596155 0.811677 0.0997089 0.0636319 0.295133
0 0.548614 0.14961 0.0966888 0.0620845 0.265251
