0 0.863132 0.2472 0.0791081 0.209697 0.615047
0 0.961398 0.252504 0.0730907 0.223071 0.612246
0 0.684258 0.23756 0.0741362 0.16834 0.59047
0 0.820891 0.573551 0.168991 0.0876926 0.517735
0 0.77848 0.256066 0.0775883 0.211384 0.501582
0 0.61753 0.721651 0.0757904 0.166377 0.469986
0 0.714651 0.733454 0.0782292 0.208986 0.369961
0 0.296992 0.247209 0.0700115 0.209423 0.362149
0 0.19775 0.242208 0.0780872 0.213984 0.329001
0 0.396962 0.254537 0.0822764 0.211921 0.303496
0 0.493804 0.248447 0.0792041 0.216537 0.301731
0 0.0501222 0.712321 0.0773867 0.170417 0.288315
