0 0.545638 0.628583 0.17451 0.0655739 0.643356
0 0.335458 0.970506 0.203295 0.0583839 0.629262
0 0.554403 0.719368 0.199179 0.0747038 0.607543
0 0.732679 0.753102 0.113714 0.166668 0.554092
0 0.325538 0.891048 0.201549 0.0702715 0.54025
0 0.322451 0.806732 0.203425 0.0656455 0.500396
0 0.565963 0.969846 0.210593 0.0603083 0.447297
0 0.542241 0.804633 0.206079 0.0643667 0.391224
0 0.372242 0.970741 0.135604 0.0569496 0.375962
0 0.560385 0.89069 0.199364 0.0709762 0.362838
0 0.34893 0.53789 0.180727 0.070486 0.293254
0 0.552024 0.537005 0.215328 0.0706667 0.287904
