0 0.169454 0.680535 0.157066 0.0949579 0.689285
0 0.920857 0.616511 0.158287 0.0940085 0.679122
0 0.729218 0.623399 0.168745 0.102366 0.66036
0 0.540308 0.619602 0.155497 0.0972958 0.561799
0 0.179886 0.801558 0.143624 0.0906424 0.541573
0 0.185281 0.928998 0.149653 0.100618 0.521569
0 0.0385181 0.232571 0.0726371 0.199121 0.458499
0 0.967802 0.254825 0.0643961 0.211266 0.396824
0 0.3009 0.265983 0.0792145 0.238121 0.361997
0 0.218196 0.237624 0.0693929 0.179163 0.359613
0 0.886975 0.252393 0.0844084 0.218226 0.329597
0 0.79579 0.25382 0.086571 0.215994 0.300978
