0 0.897677 0.225711 0.14859 0.0754012 0.926279
0 0.898641 0.137799 0.146299 0.0732312 0.921867
0 0.740163 0.2254 0.149955 0.0749931 0.900032
0 0.741679 0.311403 0.151758 0.0762169 0.899315
0 0.917616 0.66057 0.14838 0.0762864 0.898107
0 0.905671 0.486653 0.166206 0.0811783 0.893628
0 0.894111 0.0499977 0.149624 0.0760865 0.892943
0 0.919016 0.741743 0.141475 0.0760664 0.884658
0 0.902484 0.313157 0.158748 0.0771217 0.883742
0 0.917927 0.577323 0.140121 0.0732409 0.879251
0 0.916069 0.399054 0.140865 0.0715132 0.877407
0 0.73176 0.049342 0.148652 0.075682 0.855225
0 0.741284 0.399728 0.150264 0.0714938 0.828175
0 0.739354 0.137655 0.153602 0.0786748 0.810889
0 0.916039 0.916877 0.149752 0.0699007 0.792488
0 0.761374 0.918163 0.14219 0.0695832 0.787664
0 0.914312 0.830612 0.140788 0.0810976 0.748538
0 0.749169 0.661596 0.139878 0.0690034 0.721654
0 0.763416 0.577333 0.145471 0.0740079 0.705805
0 0.758027 0.833596 0.151587 0.0792572 0.646891
0 0.740062 0.489756 0.145617 0.0754611 0.594916
0 0.781957 0.578909 0.115383 0.0671045 0.578586
0 0.463479 0.688057 0.14209 0.111125 0.451276
0 0.463531 0.568817 0.143833 0.125148 0.41137
0 0.754252 0.750241 0.150664 0.0702446 0.39042
