0 0.701242 0.578228 0.1615 0.0923267 0.654088
0 0.700382 0.462142 0.167106 0.0966769 0.605144
0 0.692299 0.347904 0.134395 0.0797114 0.549694
0 0.698707 0.237807 0.149505 0.0893885 0.436235
0 0.889059 0.177781 0.221101 0.349027 0.431448
0 0.69154 0.116841 0.14633 0.0841478 0.411082
0 0.291334 0.231868 0.559522 0.454447 0.344258
0 0.356344 0.415593 0.162065 0.0888434 0.320388
0 0.700499 0.0247479 0.138548 0.0433818 0.265454
0 0.366446 0.523858 0.16027 0.09754 0.261984
0 0.509453 0.762111 0.0300472 0.0398883 0.255419
