0 0.063109 0.935066 0.126218 0.128446 0.903124
0 0.139938 0.710888 0.0838864 0.110065 0.894692
0 0.705941 0.668758 0.0616528 0.0925898 0.886647
0 0.556338 0.810244 0.0849268 0.13474 0.883196
0 0.798953 0.647078 0.0623459 0.0936182 0.861545
0 0.345508 0.806513 0.0911593 0.128344 0.860128
0 0.606115 0.5837 0.0517517 0.0857185 0.855792
0 0.785375 0.567813 0.0447611 0.0727774 0.849836
0 0.707827 0.569753 0.0479359 0.0715809 0.84276
0 0.64232 0.510984 0.0379753 0.0803175 0.789317
0 0.426601 0.554061 0.04748 0.0690269 0.781097
0 0.306029 0.580905 0.0416369 0.0719948 0.775875
0 0.261963 0.531627 0.0387091 0.0560894 0.703903
0 0.721165 0.512135 0.0419205 0.0679259 0.678717
0 0.941374 0.448466 0.0341499 0.0494569 0.552561
0 0.505126 0.989934 0.0950571 0.0193497 0.410686
0 0.397845 0.650763 0.0778837 0.100457 0.354482
