0 0.837182 0.805378 0.0836706 0.143254 0.893863
0 0.462932 0.612622 0.0594047 0.082296 0.891513
0 0.699969 0.765983 0.0799671 0.125908 0.872043
0 0.154618 0.884153 0.1439 0.153147 0.868825
0 0.576078 0.640975 0.0627134 0.138972 0.86732
0 0.707529 0.570291 0.0524658 0.0962242 0.85819
0 0.788522 0.561514 0.0446909 0.0650887 0.81227
0 0.508098 0.934676 0.119686 0.130647 0.808489
0 0.664226 0.533212 0.0381699 0.0555618 0.776323
0 0.51007 0.553959 0.0447926 0.0649074 0.774689
0 0.615151 0.577882 0.0466032 0.0698095 0.759583
0 0.482246 0.520219 0.0382965 0.0589748 0.731288
0 0.308084 0.575579 0.0283263 0.0513441 0.654462
0 0.0074417 0.663168 0.0148834 0.0909884 0.513437
0 0.447672 0.516569 0.0326248 0.0462919 0.458753
0 0.724819 0.490596 0.0374325 0.0696457 0.256874
