0 0.70505 0.892491 0.104192 0.147605 0.868023
0 0.388809 0.578864 0.0486393 0.0783976 0.859059
0 0.723204 0.665459 0.069986 0.0982981 0.856944
0 0.502096 0.563009 0.0491316 0.0906997 0.840486
0 0.310101 0.656582 0.0689805 0.129035 0.834871
0 0.573205 0.553828 0.0478966 0.0679681 0.7755
0 0.886023 0.567875 0.0584959 0.081085 0.748876
0 0.860193 0.611137 0.0691162 0.0922304 0.670518
0 0.292631 0.512151 0.0385563 0.0684591 0.638316
0 0.0904705 0.434885 0.0322215 0.0380302 0.553446
0 0.770358 0.5516 0.0482719 0.0629196 0.522397
0 0.461851 0.525733 0.0368078 0.0569607 0.513381
0 0.0327642 0.464947 0.0379208 0.0567974 0.299094
0 0.861256 0.625454 0.0674274 0.0629477 0.27492
