0 0.487657 0.934245 0.113426 0.131511 0.884544
0 0.299243 0.765813 0.0799394 0.127162 0.870488
0 0.861036 0.882519 0.112792 0.153384 0.870236
0 0.162377 0.805734 0.0812529 0.142858 0.870055
0 0.292396 0.57145 0.0518182 0.0923527 0.842796
0 0.2124 0.561192 0.0454516 0.0684975 0.838786
0 0.536192 0.613684 0.0600573 0.0828129 0.820556
0 0.425807 0.65196 0.0618057 0.119874 0.779583
0 0.382021 0.577045 0.0498973 0.0743497 0.768947
0 0.334659 0.532412 0.0390666 0.05672 0.748302
0 0.518125 0.521805 0.0397602 0.0593714 0.69976
0 0.488966 0.550503 0.0475452 0.0677809 0.617145
0 0.691406 0.572711 0.0295002 0.0597347 0.498861
0 0.55305 0.5161 0.0326998 0.0461413 0.468118
0 0.992705 0.667508 0.0145901 0.0769104 0.422557
