0 0.276328 0.664923 0.0651787 0.0965992 0.879079
0 0.690072 0.6536 0.0669116 0.125174 0.852786
0 0.611997 0.580255 0.048718 0.0747606 0.851006
0 0.497264 0.563362 0.0470371 0.0887053 0.825556
0 0.293358 0.89393 0.108098 0.153039 0.81734
0 0.229899 0.550741 0.0465856 0.0626371 0.799063
0 0.427277 0.554641 0.0463053 0.0672699 0.798246
0 0.139319 0.6056 0.0654782 0.0984388 0.782638
0 0.707435 0.511512 0.0401014 0.0682333 0.603057
0 0.10723 0.571603 0.0427873 0.0721186 0.590001
0 0.537955 0.527212 0.0384632 0.0560844 0.587748
0 0.909304 0.433314 0.0302933 0.0394081 0.573226
0 0.966931 0.466382 0.0399628 0.0538008 0.561297
0 0.105356 0.580302 0.039069 0.0543217 0.51576
0 0.903542 0.676079 0.192915 0.31144 0.251939
