0 0.261124 0.933457 0.110813 0.119137 0.91861
0 0.867893 0.818993 0.0891998 0.140932 0.879222
0 0.237824 0.764318 0.0893968 0.124504 0.872864
0 0.702549 0.743286 0.0852973 0.164605 0.856591
0 0.0880476 0.661724 0.0739701 0.0887784 0.856155
0 0.425953 0.65878 0.0663557 0.0969235 0.853
0 0.562198 0.681344 0.0679421 0.104364 0.850026
0 0.528712 0.922034 0.0973148 0.154996 0.830092
0 0.159003 0.576986 0.0720379 0.114713 0.801725
0 0.479903 0.520806 0.0409489 0.052986 0.759558
0 0.701717 0.515109 0.0379749 0.0755086 0.693232
0 0.434426 0.515575 0.0409878 0.0526498 0.684328
0 0.892227 0.420409 0.0300289 0.0454165 0.660734
0 0.407747 0.569293 0.0453863 0.0748412 0.598566
0 0.538078 0.510374 0.0400188 0.0593457 0.49727
0 0.935262 0.434827 0.0306288 0.065074 0.484257
0 0.668083 0.507494 0.0314798 0.0464914 0.435137
0 0.903757 0.673607 0.192487 0.306354 0.290812
