0 0.0497452 0.950425 0.0994905 0.0989231 0.889041
0 0.259464 0.838656 0.173179 0.313152 0.872739
0 0.705829 0.627338 0.056732 0.0935565 0.851682
0 0.465552 0.594494 0.064365 0.0935972 0.846915
0 0.579716 0.669373 0.0715942 0.12994 0.815914
0 0.637782 0.522748 0.0386543 0.0602872 0.806011
0 0.027898 0.654608 0.0557961 0.099719 0.792699
0 0.706402 0.538602 0.0403679 0.0640923 0.775638
0 0.874714 0.545358 0.0390099 0.0715443 0.764868
0 0.101422 0.570432 0.0590915 0.0720233 0.763071
0 0.521773 0.542279 0.0426296 0.0667904 0.733855
0 0.895339 0.417282 0.0280958 0.0461882 0.668563
0 0.945275 0.459246 0.0314121 0.0390808 0.62613
0 0.734475 0.515936 0.0316214 0.0535606 0.569813
0 0.418317 0.555437 0.0459711 0.0610952 0.451449
0 0.291949 0.482887 0.0589667 0.11003 0.443832
0 0.560187 0.516694 0.0348427 0.0511795 0.392204
0 0.756172 0.966882 0.197258 0.0659092 0.388304
0 0.582982 0.890479 0.0470613 0.150797 0.331177
