0 0.710114 0.936178 0.109196 0.127645 0.91835
0 0.055921 0.960196 0.111842 0.0779396 0.892777
0 0.05821 0.601335 0.0721342 0.080551 0.886297
0 0.502952 0.895367 0.111078 0.209267 0.876464
0 0.678037 0.784944 0.0828516 0.134136 0.873668
0 0.469031 0.597859 0.0520634 0.0797034 0.867427
0 0.702869 0.562368 0.0435238 0.0741289 0.849051
0 0.954626 0.512401 0.0388136 0.0606628 0.843826
0 0.599765 0.585133 0.0543262 0.109496 0.836826
0 0.235065 0.97028 0.134929 0.0594404 0.783885
0 0.191677 0.57546 0.0550961 0.0748948 0.7717
0 0.418236 0.562902 0.0453396 0.0646634 0.763877
0 0.536299 0.538084 0.041921 0.0535843 0.743857
0 0.91282 0.469557 0.0301676 0.0370302 0.714938
0 0.931067 0.436749 0.0255577 0.0461708 0.526823
0 0.536171 0.524542 0.0383943 0.0814411 0.408404
0 0.481562 0.504713 0.0377117 0.0460166 0.332895
0 0.90444 0.675446 0.191121 0.308735 0.30924
0 0.241261 0.498541 0.074254 0.11584 0.290247
