0 0.465978 0.557658 0.079958 0.175572 0.921146
0 0.7409 0.932349 0.105796 0.135302 0.917631
0 0.160219 0.806544 0.104697 0.142806 0.897516
0 0.753561 0.613369 0.0550869 0.0804214 0.88177
0 0.719157 0.690918 0.0659757 0.106725 0.850325
0 0.382593 0.721488 0.0803291 0.135443 0.839663
0 0.314214 0.666173 0.0705698 0.091254 0.826921
0 0.17617 0.55436 0.0534968 0.066486 0.821405
0 0.0617259 0.599519 0.0678671 0.0875324 0.817772
0 0.56872 0.705774 0.0676282 0.114911 0.817207
0 0.774257 0.522558 0.0412971 0.0682232 0.799722
0 0.674813 0.514921 0.0368172 0.0531637 0.681887
0 0.940596 0.449591 0.0338354 0.046815 0.663735
0 0.0158136 0.640567 0.0316272 0.0986971 0.659092
0 0.890386 0.427634 0.0294544 0.0466051 0.658183
0 0.258362 0.521691 0.050922 0.0573082 0.603331
0 0.360456 0.560281 0.0805672 0.156021 0.396201
0 0.018317 0.986034 0.0366341 0.027932 0.318526
0 0.987787 0.456661 0.0244268 0.0553181 0.312873
