0 0.267469 0.71912 0.0804441 0.110083 0.907673
0 0.472943 0.55028 0.077741 0.16253 0.903565
0 0.700807 0.928489 0.103105 0.143023 0.889162
0 0.0574456 0.89098 0.113756 0.145974 0.886781
0 0.69873 0.706996 0.0705435 0.11502 0.884471
0 0.0837146 0.626726 0.0718595 0.0897473 0.866485
0 0.597409 0.608165 0.0588876 0.0959703 0.825705
0 0.837019 0.715143 0.0750551 0.132775 0.812498
0 0.712349 0.532649 0.0409401 0.0765268 0.811202
0 0.77503 0.522187 0.0368471 0.0669278 0.712673
0 0.616195 0.555445 0.0451897 0.0616037 0.653446
0 0.96579 0.464672 0.0379417 0.0511316 0.644004
0 0.198557 0.516995 0.0416157 0.0518763 0.52818
0 0.655665 0.50598 0.0305534 0.0558828 0.470192
0 0.99283 0.651185 0.0143403 0.0697025 0.467178
0 0.993775 0.483324 0.0124496 0.0500078 0.350579
0 0.900858 0.663923 0.188855 0.286544 0.285819
0 0.36018 0.557603 0.0816561 0.161916 0.252387
