0 0.0735689 0.646004 0.0775935 0.0939573 0.881202
0 0.657755 0.610693 0.0558661 0.0904476 0.867714
0 0.290599 0.666339 0.0820083 0.113702 0.862774
0 0.400772 0.705508 0.0891623 0.159019 0.81656
0 0.445842 0.542871 0.0478765 0.0641008 0.794783
0 0.800451 0.620184 0.0572786 0.089201 0.781637
0 0.915451 0.961443 0.115928 0.0766874 0.774605
0 0.968605 0.466386 0.0356392 0.0468061 0.748177
0 0.869862 0.518418 0.0336288 0.049624 0.730662
0 0.789644 0.570828 0.045892 0.0684317 0.667425
0 0.655173 0.513123 0.0377945 0.0574421 0.634209
0 0.283155 0.508345 0.0430191 0.0522959 0.60179
0 0.946934 0.447243 0.0263901 0.0375874 0.555092
0 0.923326 0.425863 0.0265293 0.0464487 0.544229
0 0.516529 0.528819 0.0491964 0.0842306 0.401189
0 0.960694 0.461655 0.0298651 0.0513451 0.31287
