0 0.735891 0.218885 0.225037 0.0821637 0.743324
0 0.749914 0.306239 0.212298 0.0727718 0.722599
0 0.468968 0.834282 0.216787 0.0659195 0.653491
0 0.690793 0.0369273 0.23402 0.0696897 0.602654
0 0.447956 0.130985 0.163939 0.0704204 0.59979
0 0.703067 0.127157 0.214761 0.0698536 0.595686
0 0.468238 0.0452432 0.176684 0.0721193 0.582759
0 0.486494 0.307303 0.240613 0.0756086 0.401198
0 0.0456319 0.977046 0.0912638 0.0451004 0.372232
0 0.313874 0.986034 0.116903 0.0275196 0.359828
0 0.477751 0.910288 0.206578 0.0668735 0.350873
0 0.499763 0.171447 0.969355 0.342518 0.287497
0 0.495324 0.750679 0.251273 0.0837911 0.278003
0 0.733428 0.572111 0.212893 0.0763519 0.274435
0 0.751343 0.658861 0.220026 0.0714586 0.264209
0 0.490811 0.215712 0.247003 0.0805013 0.261654
0 0.727976 0.393295 0.236235 0.0774619 0.257615
0 0.49149 0.65536 0.230441 0.0769262 0.25479
