0 0.123924 0.874714 0.051078 0.119019 0.56311
0 0.0410594 0.257922 0.0613517 0.12658 0.55839
0 0.708438 0.875311 0.0544663 0.125896 0.55649
0 0.964798 0.86102 0.0501499 0.115503 0.446221
0 0.317264 0.875982 0.0549438 0.121003 0.440703
0 0.900916 0.885305 0.0525517 0.103788 0.437403
0 0.190083 0.874222 0.0535347 0.106602 0.417739
0 0.257691 0.873452 0.0627954 0.135825 0.389059
0 0.0677121 0.876017 0.0562985 0.118913 0.374715
0 0.364968 0.667128 0.112807 0.0502615 0.351084
0 0.579982 0.876659 0.0639763 0.121355 0.349703
0 0.809436 0.56793 0.110819 0.0480066 0.313496
0 0.849291 0.159651 0.301139 0.315507 0.306837
0 0.0810367 0.384333 0.119209 0.0512344 0.304819
0 0.450167 0.173057 0.530012 0.346115 0.296635
0 0.513966 0.877338 0.0552486 0.118806 0.262654
