0 0.722225 0.844769 0.116185 0.065692 0.735178
0 0.952893 0.851781 0.0938816 0.0583335 0.725197
0 0.0741469 0.606153 0.113873 0.0632569 0.718304
0 0.0147103 0.398033 0.0294207 0.0659373 0.588453
0 0.76642 0.179038 0.0514785 0.134674 0.570288
0 0.592811 0.671665 0.112568 0.061203 0.528258
0 0.634747 0.17848 0.0532707 0.140817 0.505458
0 0.0909094 0.678226 0.126074 0.0650252 0.495147
0 0.590423 0.584691 0.113352 0.0592359 0.481358
0 0.575137 0.174211 0.0504438 0.139447 0.425663
0 0.967646 0.390706 0.0647076 0.0565669 0.425048
0 0.45353 0.179893 0.0540915 0.139654 0.41194
0 0.923132 0.160981 0.0516657 0.137722 0.378553
0 0.388454 0.182019 0.0566686 0.14132 0.367763
0 0.702662 0.183052 0.0517858 0.132347 0.361075
0 0.515078 0.175715 0.0559874 0.149364 0.358018
0 0.729097 0.67768 0.116785 0.0717635 0.294595
