0 0.914434 0.698596 0.140666 0.0930269 0.660688
0 0.909652 0.59416 0.138732 0.0879173 0.653153
0 0.364836 0.602323 0.143434 0.0876709 0.560456
0 0.39471 0.216515 0.541336 0.432069 0.512779
0 0.360524 0.706335 0.145216 0.0886787 0.509026
0 0.766075 0.808945 0.12536 0.0807334 0.471972
0 0.843754 0.228131 0.31105 0.456263 0.404969
0 0.763784 0.490586 0.121414 0.078702 0.329582
0 0.760924 0.709486 0.140588 0.0831131 0.311111
0 0.20464 0.806757 0.113143 0.0759284 0.309181
0 0.515524 0.658465 0.0909218 0.220865 0.306625
0 0.571585 0.0608825 0.0618951 0.121765 0.278583
0 0.757395 0.593779 0.137188 0.0808236 0.277653
0 0.902769 0.491941 0.116092 0.0813508 0.269777
0 0.204919 0.590902 0.147608 0.0895886 0.264588
0 0.370204 0.500591 0.150828 0.0883394 0.261507
0 0.224977 0.219614 0.449953 0.439228 0.25484
