0 0.647434 0.648229 0.123126 0.104499 0.911782
0 0.325828 0.483678 0.0926352 0.0964655 0.902287
0 0.739232 0.850412 0.184335 0.161603 0.898496
0 0.739698 0.511425 0.0925427 0.0761946 0.887026
0 0.0607349 0.677469 0.120102 0.138979 0.884622
0 0.424295 0.667136 0.151604 0.17064 0.867109
0 0.450734 0.516574 0.0897797 0.076815 0.852178
0 0.960737 0.511693 0.0785266 0.0917143 0.85091
0 0.41754 0.860829 0.182711 0.154892 0.840773
0 0.121321 0.361044 0.0593904 0.0606473 0.838601
0 0.901556 0.795511 0.169673 0.137792 0.831664
0 0.257293 0.434031 0.0703959 0.0678114 0.809316
0 0.700829 0.438069 0.0809916 0.0585337 0.803101
0 0.0779678 0.90695 0.154772 0.184787 0.790972
0 0.813026 0.399837 0.0677101 0.0493015 0.790843
0 0.611882 0.528835 0.10818 0.0920052 0.779846
0 0.380528 0.390806 0.0635604 0.0579851 0.762398
0 0.465191 0.467463 0.0784902 0.0668278 0.668166
0 0.902524 0.44979 0.0304298 0.0544488 0.647688
0 0.531856 0.420129 0.0634317 0.0606215 0.613521
0 0.407189 0.334644 0.0505913 0.0493616 0.599556
0 0.77718 0.624016 0.0504237 0.0991086 0.585892
0 0.319117 0.348435 0.0602982 0.0645655 0.580534
0 0.826443 0.600101 0.0328365 0.0603373 0.444728
0 0.649006 0.327613 0.0568522 0.0486801 0.428858
0 0.680008 0.396942 0.0687305 0.0671843 0.405309
0 0.0315136 0.97483 0.0630271 0.0502403 0.346851
0 0.594269 0.461948 0.0845392 0.0679523 0.282551
0 0.031527 0.98661 0.0630539 0.0267794 0.257519
