0 0.929731 0.645978 0.139305 0.119087 0.930796
0 0.189565 0.612822 0.137104 0.127046 0.9156
0 0.712421 0.559665 0.106171 0.103865 0.909571
0 0.095417 0.765362 0.179372 0.135233 0.898731
0 0.367942 0.622909 0.118962 0.105938 0.870211
0 0.54619 0.590731 0.10889 0.101442 0.863226
0 0.13027 0.440204 0.0811923 0.0692762 0.85689
0 0.603999 0.785947 0.165888 0.189315 0.836531
0 0.538073 0.455767 0.0746824 0.0652442 0.835282
0 0.652124 0.426521 0.0793613 0.0820211 0.834146
0 0.390909 0.525312 0.0910214 0.0760499 0.8287
0 0.205442 0.379946 0.0643167 0.0474268 0.811034
0 0.750816 0.409308 0.0748745 0.0695106 0.804967
0 0.626691 0.349821 0.0642439 0.066386 0.803811
0 0.28052 0.921256 0.213121 0.139597 0.724578
0 0.69887 0.342486 0.0577284 0.0548061 0.705333
0 0.29762 0.452614 0.0821165 0.0697891 0.673576
0 0.173541 0.337492 0.0588891 0.0525495 0.665985
0 0.410345 0.472888 0.0878986 0.0663309 0.358742
