0 0.712662 0.56114 0.114957 0.12499 0.922799
0 0.550174 0.71577 0.139541 0.121968 0.908686
0 0.555569 0.582835 0.125824 0.142651 0.885497
0 0.182616 0.668046 0.135899 0.113083 0.873536
0 0.076975 0.472821 0.0963418 0.0856081 0.873341
0 0.305938 0.728693 0.155888 0.131056 0.866672
0 0.281404 0.47347 0.08147 0.0646559 0.858157
0 0.780982 0.484512 0.082753 0.0837011 0.852895
0 0.369844 0.580214 0.102431 0.0932814 0.840959
0 0.541169 0.480578 0.0826851 0.0612591 0.786097
0 0.637554 0.440303 0.0710961 0.0707558 0.776523
0 0.208526 0.380202 0.0610059 0.043666 0.76985
0 0.705556 0.393096 0.0686627 0.0706265 0.765479
0 0.310528 0.415321 0.0737697 0.0532915 0.722143
0 0.0230569 0.558347 0.0461138 0.0828955 0.705762
0 0.224344 0.940906 0.259129 0.118187 0.663059
0 0.395389 0.486298 0.0956722 0.0777628 0.638503
0 0.902883 0.379791 0.063073 0.0548388 0.577396
0 0.279541 0.54881 0.0429539 0.0844869 0.550677
0 0.0126511 0.463119 0.0253023 0.0722397 0.530635
0 0.601045 0.378412 0.0612765 0.0545166 0.427091
0 0.526949 0.441279 0.0732839 0.0633331 0.418395
0 0.449756 0.399638 0.0607171 0.0541722 0.396821
0 0.140571 0.417617 0.0246108 0.0526609 0.394373
0 0.993249 0.788342 0.0135019 0.0693649 0.355584
