0 0.183382 0.625247 0.136223 0.100491 0.909104
0 0.704915 0.527358 0.10488 0.121114 0.903745
0 0.28157 0.90122 0.218996 0.195501 0.900126
0 0.829919 0.774365 0.16861 0.153529 0.894643
0 0.352272 0.71249 0.14367 0.125996 0.885062
0 0.535171 0.52245 0.0889015 0.0880665 0.88261
0 0.810178 0.484915 0.0913 0.0930679 0.874777
0 0.0726223 0.81124 0.145245 0.147007 0.87367
0 0.610661 0.797384 0.161042 0.144734 0.872189
0 0.564348 0.657936 0.120448 0.115446 0.871096
0 0.244703 0.522921 0.105954 0.098332 0.867335
0 0.387481 0.518394 0.0928001 0.0798164 0.863045
0 0.73262 0.398284 0.0674896 0.0686021 0.849582
0 0.0284489 0.547041 0.0568978 0.085063 0.836517
0 0.52877 0.405594 0.0660652 0.0531634 0.822256
0 0.176474 0.399236 0.0696997 0.0556384 0.820238
0 0.657836 0.420066 0.07827 0.0835089 0.819358
0 0.317565 0.409236 0.0739838 0.0619071 0.764177
0 0.233559 0.351041 0.0550935 0.0391878 0.735232
0 0.403792 0.458611 0.0804359 0.0687573 0.727632
0 0.608915 0.304049 0.0551277 0.0532006 0.57286
0 0.0695095 0.440439 0.0309613 0.0558578 0.544727
0 0.659312 0.280107 0.0456157 0.0447762 0.512321
0 0.799011 0.299453 0.0490158 0.0424543 0.504128
