0 0.549764 0.686985 0.132559 0.126878 0.900301
0 0.359605 0.631243 0.123947 0.103925 0.899212
0 0.0932177 0.751149 0.183181 0.154487 0.893435
0 0.313628 0.79758 0.163035 0.149189 0.886842
0 0.158516 0.417591 0.0737872 0.05105 0.882351
0 0.538402 0.536045 0.0911558 0.0845539 0.866091
0 0.0604071 0.499643 0.0966188 0.0771821 0.864164
0 0.81831 0.524077 0.102923 0.0913227 0.851828
0 0.254116 0.518358 0.0981155 0.0845037 0.838634
0 0.656489 0.451045 0.0784676 0.0710193 0.824611
0 0.144597 0.360371 0.0638125 0.0552692 0.754673
0 0.3852 0.500541 0.107964 0.163767 0.723541
0 0.706065 0.352993 0.0629268 0.0578999 0.631872
0 0.0190192 0.963037 0.0380383 0.0739254 0.61095
0 0.615456 0.361546 0.0625366 0.0647144 0.585698
0 0.923262 0.659118 0.0547337 0.106693 0.489906
0 0.522077 0.35437 0.0594807 0.0504923 0.397448
0 0.992858 0.820656 0.0142838 0.107913 0.370387
0 0.385359 0.545343 0.107813 0.0730686 0.293969
0 0.53149 0.460531 0.0802926 0.052643 0.286373
