0 0.647765 0.630333 0.125243 0.126728 0.930201
0 0.395752 0.78519 0.16212 0.164966 0.922917
0 0.454998 0.618434 0.115311 0.0989574 0.920136
0 0.698589 0.766502 0.150258 0.129272 0.904901
0 0.118064 0.634532 0.133871 0.130772 0.898378
0 0.29322 0.61424 0.107619 0.110234 0.885804
0 0.176285 0.787192 0.165254 0.156367 0.885033
0 0.726368 0.901448 0.179412 0.160792 0.880519
0 0.94266 0.823592 0.114107 0.149575 0.866325
0 0.0256668 0.440293 0.0513336 0.0793177 0.840443
0 0.372691 0.432955 0.0722981 0.0630045 0.823456
0 0.849793 0.430521 0.0712139 0.0580504 0.820681
0 0.357285 0.938658 0.219476 0.122685 0.800058
0 0.617741 0.51536 0.0945262 0.0743202 0.794401
0 0.338515 0.33154 0.0520673 0.0507382 0.772931
0 0.477374 0.491304 0.0834572 0.0661793 0.766355
0 0.970778 0.446337 0.0584448 0.0567422 0.759901
0 0.712923 0.467164 0.0794035 0.0632278 0.735488
0 0.599224 0.444983 0.0716259 0.0604359 0.65234
0 0.468673 0.437332 0.0866499 0.0797691 0.546376
0 0.800742 0.387871 0.064938 0.0575459 0.30439
