0 0.2839 0.854479 0.188982 0.202094 0.907109
0 0.545881 0.53656 0.110245 0.130453 0.902571
0 0.228507 0.585821 0.108342 0.0934721 0.893398
0 0.337026 0.64572 0.129132 0.109039 0.890769
0 0.664325 0.500712 0.0833582 0.0804029 0.883942
0 0.775847 0.667732 0.149817 0.149981 0.883397
0 0.536214 0.625482 0.121514 0.101781 0.871121
0 0.829722 0.55173 0.0988933 0.0971052 0.858465
0 0.740287 0.441238 0.0802076 0.0831923 0.832225
0 0.0459446 0.50227 0.0916049 0.0785939 0.816054
0 0.379962 0.52791 0.0888151 0.0776447 0.815811
0 0.121011 0.441642 0.0819122 0.0743214 0.809714
0 0.92744 0.39726 0.0678394 0.065544 0.807603
0 0.399299 0.454143 0.0878062 0.0732427 0.789264
0 0.297373 0.444407 0.0732664 0.0584458 0.776459
0 0.626363 0.953351 0.22449 0.0932978 0.665985
0 0.617823 0.430015 0.0686216 0.0651583 0.661027
0 0.228282 0.36432 0.0564752 0.0384299 0.593171
0 0.309823 0.498284 0.0362782 0.0614202 0.456448
0 0.174541 0.394296 0.022893 0.0534267 0.359153
0 0.320093 0.395306 0.0696105 0.0464781 0.339823
