0 0.208187 0.62475 0.121196 0.0991372 0.909797
0 0.32272 0.683948 0.144306 0.12063 0.900288
0 0.262302 0.904496 0.209332 0.185168 0.883357
0 0.739778 0.611254 0.129285 0.140681 0.880328
0 0.544934 0.664719 0.128184 0.107696 0.874189
0 0.802359 0.516576 0.0907242 0.0879886 0.869719
0 0.100501 0.455273 0.0915377 0.0791468 0.846335
0 0.648958 0.467135 0.0803409 0.077207 0.840786
0 0.397455 0.466775 0.0907677 0.0739278 0.840668
0 0.375999 0.551692 0.0940654 0.08292 0.834006
0 0.0359734 0.526622 0.0719467 0.0864145 0.831104
0 0.28967 0.457322 0.0773006 0.060555 0.789695
0 0.550858 0.569959 0.116807 0.149787 0.784884
0 0.722218 0.415521 0.0737717 0.0773926 0.751279
0 0.916088 0.388719 0.0648563 0.0585781 0.741066
0 0.219776 0.37156 0.0570742 0.0432822 0.69713
0 0.297773 0.515978 0.0377095 0.0699091 0.616934
0 0.316311 0.403099 0.0720995 0.0495658 0.589031
0 0.537133 0.463084 0.0785682 0.0490894 0.537269
0 0.160121 0.407103 0.0230006 0.0503656 0.535771
0 0.607214 0.404166 0.0649048 0.0566995 0.428483
0 0.415782 0.425344 0.0686597 0.0538514 0.307267
0 0.440915 0.389122 0.0598266 0.0527679 0.273115
