0 0.0712448 0.646867 0.14249 0.119782 0.9183
0 0.452634 0.590869 0.109729 0.10052 0.906965
0 0.63029 0.623915 0.119088 0.107447 0.901584
0 0.286741 0.558683 0.105027 0.104138 0.899815
0 0.907096 0.765053 0.18452 0.136573 0.899104
0 0.807487 0.612197 0.134948 0.12338 0.894729
0 0.394578 0.805163 0.165801 0.150803 0.874764
0 0.347955 0.425681 0.0785058 0.0873888 0.873751
0 0.371786 0.348393 0.0662614 0.0654093 0.86753
0 0.870882 0.438588 0.0793381 0.0680309 0.862589
0 0.248946 0.409726 0.0738623 0.0679898 0.85256
0 0.460236 0.455278 0.076782 0.0656126 0.842253
0 0.71369 0.922545 0.202815 0.147652 0.839173
0 0.792792 0.379516 0.0642537 0.0488697 0.802122
0 0.60884 0.525101 0.0929127 0.0748636 0.796299
0 0.300073 0.341013 0.0576255 0.0572415 0.781699
0 0.703246 0.452788 0.0852778 0.0716226 0.722032
0 0.824636 0.337334 0.0606375 0.0549439 0.643605
0 0.354594 0.248758 0.0380959 0.0364524 0.531761
0 0.471769 0.409946 0.0662329 0.0601175 0.450382
0 0.108871 0.827454 0.0732487 0.17628 0.439873
0 0.474284 0.318462 0.0553612 0.0417345 0.367533
0 0.0369083 0.338703 0.0738166 0.10156 0.272974
