0 0.356103 0.597715 0.103242 0.0944425 0.890511
0 0.378732 0.519062 0.0928445 0.102471 0.883306
0 0.196835 0.580669 0.106446 0.0948822 0.880423
0 0.225535 0.94056 0.225238 0.118881 0.868777
0 0.339353 0.672222 0.123151 0.106488 0.865774
0 0.0704874 0.494154 0.0951182 0.0675024 0.843144
0 0.717268 0.6196 0.113291 0.110395 0.836091
0 0.704848 0.41817 0.0685948 0.0658471 0.810772
0 0.401937 0.444521 0.0719813 0.0603563 0.801501
0 0.355408 0.779538 0.160185 0.138855 0.786653
0 0.537663 0.575323 0.119829 0.154892 0.777857
0 0.21572 0.380825 0.0579859 0.0501622 0.773761
0 0.0220875 0.565463 0.044175 0.0840785 0.772871
0 0.530039 0.478087 0.0819747 0.067105 0.768892
0 0.317844 0.399703 0.0661082 0.0553143 0.76662
0 0.117825 0.3838 0.0643526 0.0466651 0.753973
0 0.536445 0.600994 0.118777 0.100152 0.721472
0 0.0117963 0.466949 0.0235926 0.0619837 0.63015
0 0.515237 0.41737 0.0677389 0.0516567 0.606871
0 0.813795 0.545833 0.0474421 0.0931252 0.573102
