0 0.689971 0.518651 0.103939 0.110381 0.892209
0 0.563249 0.776056 0.158555 0.135324 0.889821
0 0.363024 0.609742 0.111312 0.0945723 0.88682
0 0.0506254 0.490724 0.101251 0.0901969 0.871106
0 0.562055 0.620647 0.139836 0.162099 0.870857
0 0.270078 0.489899 0.0861942 0.0726805 0.86423
0 0.283102 0.779972 0.169589 0.144714 0.856601
0 0.147976 0.724502 0.156364 0.12624 0.851208
0 0.759795 0.45711 0.0760796 0.076808 0.841726
0 0.5457 0.499316 0.0886353 0.0687338 0.81496
0 0.961592 0.745696 0.0768156 0.157549 0.812381
0 0.691189 0.370591 0.0628024 0.0649716 0.754298
0 0.30455 0.425903 0.0783623 0.054987 0.72232
0 0.197899 0.38929 0.0651162 0.0440748 0.714867
0 0.389386 0.504347 0.102101 0.0848326 0.698458
0 0.886404 0.369457 0.0520025 0.0566594 0.658069
0 0.529503 0.451874 0.0749004 0.0642832 0.59377
0 0.62484 0.413922 0.070269 0.0630432 0.55898
0 0.254115 0.580718 0.0506601 0.0962183 0.499731
0 0.515353 0.304913 0.0502111 0.0408748 0.479618
0 0.192069 0.555765 0.0336865 0.0826925 0.457626
0 0.1617 0.348704 0.0190662 0.0383779 0.437929
0 0.457405 0.40943 0.0623533 0.0569448 0.426078
0 0.00875015 0.581463 0.0175003 0.0678371 0.398638
0 0.023302 0.43673 0.0466041 0.0623526 0.367881
0 0.595129 0.356707 0.0592283 0.05426 0.279932
0 0.352716 0.317825 0.056843 0.0450544 0.278568
