0 0.572794 0.662887 0.153194 0.183487 0.916868
0 0.351197 0.648866 0.120143 0.104546 0.901146
0 0.937334 0.674884 0.125333 0.14495 0.894701
0 0.674612 0.484805 0.0913804 0.0983347 0.886284
0 0.57772 0.862003 0.178712 0.152309 0.879698
0 0.0960146 0.794586 0.177066 0.140865 0.874604
0 0.260656 0.512357 0.0900319 0.0782904 0.846935
0 0.256571 0.850288 0.184166 0.159613 0.840864
0 0.549315 0.516623 0.0897421 0.0773902 0.836064
0 0.386148 0.527639 0.102449 0.0898694 0.821844
0 0.742376 0.433993 0.0703676 0.0679708 0.818667
0 0.0391063 0.513159 0.0775055 0.0949378 0.816691
0 0.297434 0.438672 0.0796123 0.0595276 0.797173
0 0.186223 0.399238 0.0682799 0.0470767 0.795279
0 0.877376 0.360891 0.0571713 0.0562531 0.747047
0 0.924552 0.907559 0.150895 0.184831 0.736562
0 0.466484 0.420798 0.0642092 0.0596064 0.71422
0 0.617083 0.393039 0.0623344 0.059729 0.700502
0 0.221235 0.622053 0.0481822 0.103499 0.656354
0 0.680147 0.348603 0.060144 0.0645468 0.636701
0 0.319269 0.397134 0.0707189 0.0644577 0.547533
0 0.0967203 0.451511 0.0261006 0.0531403 0.532922
0 0.0687072 0.405093 0.0695426 0.0502769 0.514347
0 0.592261 0.335659 0.0548036 0.0504086 0.501465
0 0.350955 0.328191 0.055728 0.0465863 0.498108
0 0.537916 0.465712 0.0812681 0.0641045 0.450695
0 0.876474 0.952064 0.0597597 0.0958723 0.34444
0 0.0170428 0.439436 0.0340855 0.0490621 0.320754
0 0.171747 0.585699 0.0314878 0.0891327 0.30125
0 0.402942 0.460976 0.0798058 0.0624554 0.250883
