0 0.223019 0.924312 0.196241 0.148913 0.926775
0 0.318572 0.743243 0.160538 0.165151 0.918967
0 0.568986 0.782663 0.16193 0.137144 0.915192
0 0.882307 0.827302 0.202429 0.20848 0.914027
0 0.90228 0.63792 0.12429 0.12211 0.908385
0 0.703128 0.576998 0.107965 0.105602 0.901653
0 0.35809 0.580309 0.109123 0.0967265 0.88853
0 0.527065 0.560436 0.0993593 0.0820929 0.854189
0 0.785812 0.49966 0.0947027 0.0989 0.844927
0 0.255053 0.527886 0.0943178 0.0764166 0.830953
0 0.645395 0.483511 0.0822685 0.0749118 0.824944
0 0.386341 0.486505 0.0790397 0.0690902 0.801239
0 0.0911038 0.469123 0.0848243 0.0707367 0.795857
0 0.951318 0.415696 0.0721592 0.0700223 0.748489
0 0.153014 0.416259 0.0770336 0.0668484 0.711546
0 0.537459 0.484118 0.095031 0.109945 0.694946
0 0.403957 0.431016 0.0778801 0.0653799 0.69205
0 0.305493 0.418855 0.063668 0.0541916 0.576619
0 0.504288 0.27464 0.0425704 0.0316857 0.335968
0 0.236235 0.347936 0.0289988 0.0392033 0.273598
0 0.596762 0.360592 0.058605 0.0551084 0.269853
