0 0.886265 0.600464 0.125911 0.106825 0.922474
0 0.163014 0.653047 0.148296 0.128963 0.902394
0 0.355584 0.669842 0.134484 0.121156 0.885777
0 0.0737368 0.832507 0.145982 0.152465 0.884026
0 0.691513 0.516763 0.0955285 0.0912053 0.877441
0 0.108387 0.456541 0.0848289 0.0684769 0.868817
0 0.550091 0.619903 0.117807 0.107506 0.862621
0 0.540582 0.478565 0.0782654 0.0710958 0.858041
0 0.382053 0.557377 0.0982325 0.0856709 0.845878
0 0.192521 0.392206 0.0663767 0.0486012 0.823579
0 0.735737 0.388578 0.0700093 0.0648526 0.822813
0 0.638299 0.402367 0.0724491 0.0802174 0.787788
0 0.285747 0.4709 0.0864636 0.0739679 0.783792
0 0.616947 0.33031 0.0595602 0.0610056 0.730988
0 0.687929 0.326667 0.0552088 0.052576 0.707715
0 0.166862 0.346068 0.0629864 0.0506985 0.692016
0 0.61941 0.88235 0.181567 0.172477 0.687394
0 0.40291 0.449516 0.0954691 0.147138 0.613727
0 0.226767 0.974317 0.257472 0.0485868 0.437944
