0 0.369191 0.617863 0.139743 0.119848 0.921859
0 0.834253 0.532014 0.100125 0.102531 0.905222
0 0.29702 0.804381 0.168634 0.139537 0.90249
0 0.396447 0.521142 0.0972558 0.076968 0.887167
0 0.617264 0.862619 0.21664 0.26393 0.866192
0 0.563496 0.58824 0.1048 0.0936863 0.866182
0 0.759381 0.62883 0.135568 0.139252 0.863449
0 0.027254 0.437475 0.054508 0.0616037 0.855627
0 0.136181 0.436012 0.0761468 0.0571957 0.839581
0 0.269399 0.490027 0.0921412 0.0698345 0.832489
0 0.200898 0.586443 0.11391 0.0909508 0.825951
0 0.301425 0.434486 0.0803124 0.0753873 0.82202
0 0.641708 0.405806 0.072606 0.0755703 0.816882
0 0.541268 0.523087 0.0884117 0.0824179 0.810503
0 0.494406 0.448659 0.0783169 0.0660077 0.809507
0 0.84787 0.334228 0.0543373 0.0572489 0.807075
0 0.411006 0.428571 0.0704806 0.0576805 0.805834
0 0.956819 0.711731 0.0859264 0.148928 0.80257
0 0.232168 0.357185 0.0606867 0.0442937 0.767285
0 0.701657 0.366149 0.058579 0.0551178 0.741261
0 0.520955 0.341762 0.0570667 0.0446527 0.629207
0 0.341612 0.354692 0.0611474 0.0515389 0.558523
0 0.941896 0.906922 0.115988 0.184398 0.433243
0 0.0087055 0.515222 0.017411 0.0765026 0.381037
