0 0.644347 0.936626 0.199036 0.126748 0.932002
0 0.949564 0.700864 0.100238 0.134111 0.909046
0 0.665711 0.4521 0.0859701 0.0944914 0.895674
0 0.736491 0.613287 0.119449 0.114671 0.893437
0 0.31417 0.848816 0.180112 0.160071 0.889468
0 0.37628 0.580031 0.108393 0.0973029 0.887194
0 0.589401 0.746561 0.150145 0.141436 0.873541
0 0.54351 0.564772 0.100948 0.097282 0.866721
0 0.396343 0.498908 0.0858252 0.0719206 0.864738
0 0.209247 0.577868 0.134395 0.109716 0.860057
0 0.146651 0.422817 0.0785541 0.062124 0.853488
0 0.76741 0.429682 0.0776207 0.0758334 0.844151
0 0.634979 0.370878 0.0695389 0.0690755 0.825091
0 0.130085 0.709291 0.160518 0.122322 0.821661
0 0.535448 0.43636 0.0736474 0.0610868 0.814326
0 0.2157 0.36806 0.0620639 0.0434662 0.799278
0 0.709331 0.358576 0.0608053 0.0620178 0.76967
0 0.305001 0.435833 0.0815648 0.067219 0.733363
0 0.179718 0.330469 0.0586541 0.0504697 0.707506
0 0.02011 0.478842 0.0350133 0.069086 0.500488
0 0.02231 0.943448 0.04462 0.113103 0.463442
0 0.415368 0.451216 0.0834842 0.0646031 0.374804
