0 0.801868 0.579485 0.106844 0.0940256 0.891198
0 0.28197 0.618874 0.11499 0.110765 0.890989
0 0.76976 0.939334 0.214027 0.121332 0.872393
0 0.642916 0.775003 0.160884 0.146999 0.859284
0 0.642329 0.599214 0.106963 0.0927185 0.859065
0 0.293244 0.418454 0.0694927 0.065078 0.844031
0 0.620506 0.518505 0.0952892 0.0962017 0.842633
0 0.658088 0.674203 0.12038 0.107011 0.8319
0 0.461878 0.602222 0.117604 0.101266 0.831832
0 0.469647 0.479157 0.0798382 0.070059 0.817606
0 0.93157 0.494759 0.0953207 0.0661621 0.798686
0 0.782024 0.381202 0.059644 0.0488997 0.749211
0 0.485013 0.417461 0.0663219 0.0509693 0.73597
0 0.680166 0.39908 0.0659958 0.0562902 0.727581
0 0.452573 0.570981 0.102404 0.14882 0.722687
0 0.880022 0.383124 0.064957 0.0480156 0.721357
0 0.187825 0.545324 0.0462389 0.0914921 0.559388
0 0.598643 0.444708 0.0748667 0.0587641 0.553482
0 0.988408 0.464824 0.0231851 0.0624002 0.538795
0 0.385925 0.2615 0.035804 0.0416814 0.351407
