0 0.850136 0.556417 0.11498 0.0983995 0.932098
0 0.337683 0.72609 0.146262 0.128679 0.912358
0 0.549388 0.650831 0.122389 0.110212 0.899693
0 0.67222 0.478247 0.086043 0.0792784 0.874465
0 0.370907 0.592652 0.109805 0.0916933 0.870857
0 0.0852383 0.475335 0.0899367 0.071418 0.86398
0 0.0502968 0.911355 0.100039 0.170546 0.861267
0 0.538881 0.504468 0.0838051 0.0754104 0.848016
0 0.176288 0.404922 0.0711199 0.0489484 0.835807
0 0.131422 0.695988 0.161842 0.144332 0.826892
0 0.638287 0.940005 0.203559 0.119989 0.816135
0 0.156053 0.351545 0.0622174 0.0534636 0.757246
0 0.27096 0.492206 0.0918847 0.0789721 0.743908
0 0.720643 0.368946 0.0656634 0.0627198 0.696213
0 0.393631 0.514461 0.0988181 0.0625564 0.668676
0 0.624706 0.381104 0.0673135 0.0709654 0.569618
0 0.980824 0.708459 0.0378708 0.122905 0.515539
0 0.675908 0.313036 0.0529373 0.0510109 0.407599
0 0.608413 0.314171 0.0559745 0.0562249 0.34776
