0 0.133093 0.557646 0.112692 0.111132 0.922873
0 0.413562 0.696015 0.136877 0.110305 0.916986
0 0.622284 0.623631 0.122111 0.104619 0.90101
0 0.867769 0.702177 0.145214 0.122672 0.899713
0 0.225763 0.639801 0.136346 0.150702 0.888917
0 0.770478 0.562017 0.114849 0.0812684 0.87364
0 0.31263 0.484552 0.0927517 0.100354 0.869081
0 0.725895 0.48261 0.095368 0.0877417 0.857336
0 0.669326 0.763655 0.175801 0.161017 0.853507
0 0.477977 0.490718 0.0859581 0.0778703 0.846101
0 0.235545 0.447977 0.0772765 0.0775743 0.837994
0 0.931332 0.492337 0.0942808 0.07348 0.813471
0 0.795867 0.382004 0.0624695 0.0500279 0.797804
0 0.598856 0.476189 0.0840828 0.069354 0.795042
0 0.444343 0.594957 0.108173 0.0920343 0.784944
0 0.379059 0.344356 0.0615264 0.0637204 0.761196
0 0.180917 0.313146 0.0508146 0.0479403 0.732016
0 0.324797 0.315125 0.0487893 0.0501989 0.723798
0 0.471752 0.379421 0.0613106 0.0494799 0.705478
0 0.669418 0.386794 0.0692917 0.0593183 0.640686
0 0.0408419 0.978766 0.0816838 0.0424671 0.597469
0 0.748067 0.338905 0.0516417 0.0379374 0.504445
