0 0.585622 0.697272 0.141059 0.110239 0.9246
0 0.772589 0.636072 0.140218 0.149018 0.904711
0 0.3763 0.622821 0.120459 0.103121 0.902037
0 0.686274 0.479456 0.0933901 0.104924 0.887414
0 0.866225 0.556312 0.111364 0.110705 0.880347
0 0.327043 0.764118 0.178885 0.158354 0.868379
0 0.227714 0.562801 0.112787 0.0833939 0.866469
0 0.523272 0.490778 0.0848063 0.0787521 0.863755
0 0.76469 0.447907 0.0772981 0.0790241 0.862483
0 0.0696808 0.493679 0.0933768 0.0716686 0.861366
0 0.131248 0.702828 0.140428 0.122924 0.859464
0 0.273726 0.481871 0.0962483 0.0891367 0.849018
0 0.202938 0.382155 0.0629196 0.0501256 0.83063
0 0.401631 0.475335 0.081115 0.0692946 0.812295
0 0.618793 0.345448 0.0617343 0.0628263 0.755985
0 0.551441 0.596686 0.105683 0.0968231 0.737967
0 0.674572 0.315417 0.0488352 0.0506842 0.731515
0 0.330523 0.386036 0.067514 0.0588229 0.701086
0 0.527663 0.379448 0.0605652 0.0496692 0.62201
0 0.818229 0.313229 0.050721 0.0491864 0.570552
0 0.958772 0.979499 0.0824553 0.0405373 0.492595
0 0.25052 0.339567 0.0504031 0.0352069 0.341816
0 0.109559 0.419189 0.02408 0.0484673 0.290396
