0 0.351677 0.631875 0.126258 0.126385 0.921473
0 0.299497 0.773026 0.152302 0.139924 0.914228
0 0.269738 0.902399 0.183077 0.162205 0.903868
0 0.705229 0.611045 0.107074 0.11291 0.900472
0 0.0584492 0.824885 0.115003 0.147754 0.889741
0 0.601339 0.781988 0.164407 0.157808 0.881342
0 0.544213 0.617643 0.119409 0.098258 0.880232
0 0.819823 0.788078 0.162992 0.154996 0.87894
0 0.879741 0.634611 0.130947 0.134994 0.871554
0 0.0296357 0.446023 0.0588699 0.0614675 0.853902
0 0.381616 0.516078 0.0925161 0.0756022 0.832771
0 0.150306 0.428231 0.0728889 0.0587051 0.821583
0 0.286028 0.466846 0.077704 0.0641212 0.812885
0 0.638871 0.938861 0.214957 0.122278 0.771408
0 0.399457 0.445654 0.0725411 0.0598155 0.734768
0 0.660783 0.33108 0.053103 0.0515391 0.730175
0 0.523047 0.491829 0.0838589 0.0677959 0.720475
0 0.625471 0.433896 0.07141 0.0652431 0.696101
0 0.974112 0.44089 0.0517757 0.0808428 0.67158
0 0.199873 0.387903 0.0639348 0.0573081 0.488607
0 0.411498 0.397113 0.0694366 0.058926 0.356056
0 0.530553 0.438801 0.0784988 0.0713365 0.312583
