0 0.619074 0.584285 0.129238 0.112321 0.916671
0 0.194031 0.708108 0.161231 0.162848 0.913788
0 0.397721 0.774057 0.185112 0.227919 0.898452
0 0.135605 0.576988 0.116015 0.107467 0.875856
0 0.34814 0.430219 0.0772911 0.0806925 0.868503
0 0.775455 0.55831 0.102586 0.0909796 0.867279
0 0.67602 0.740965 0.149193 0.123219 0.866162
0 0.441293 0.562052 0.0981333 0.0867341 0.865459
0 0.14105 0.343762 0.0568211 0.0524129 0.827834
0 0.284274 0.387794 0.0617003 0.061042 0.82263
0 0.84254 0.422367 0.0778503 0.0557798 0.811778
0 0.582876 0.415123 0.0638451 0.0560887 0.808993
0 0.719079 0.470823 0.0873469 0.0645027 0.806439
0 0.512561 0.437607 0.0748344 0.0628805 0.780496
0 0.600344 0.499396 0.0921211 0.072283 0.776625
0 0.689902 0.420929 0.0800834 0.0726193 0.73587
0 0.393127 0.346677 0.0565635 0.0539627 0.674637
0 0.961385 0.491519 0.0321346 0.0669184 0.666313
0 0.654309 0.343387 0.0596206 0.0476306 0.662206
0 0.478662 0.331438 0.054586 0.0426859 0.640246
0 0.813894 0.967812 0.21449 0.0643755 0.59141
0 0.761968 0.351614 0.051795 0.0450055 0.569833
0 0.459963 0.503357 0.0834568 0.0755877 0.53898
0 0.964115 0.426627 0.0717705 0.0562183 0.485593
0 0.0123604 0.776725 0.0247208 0.14108 0.448679
0 0.863285 0.732122 0.0612642 0.121975 0.436837
0 0.336156 0.312979 0.0519125 0.0558588 0.41598
0 0.975163 0.958717 0.0496734 0.0825655 0.354431
0 0.991606 0.564495 0.0167881 0.0863325 0.342277
0 0.413495 0.296908 0.0505134 0.0419562 0.269944
0 0.876712 0.388736 0.0179905 0.0327292 0.256066
