0 0.67307 0.683599 0.13652 0.120301 0.907595
0 0.787717 0.624502 0.123479 0.100548 0.897558
0 0.451719 0.666156 0.124888 0.105693 0.891077
0 0.733932 0.903116 0.209706 0.18433 0.888455
0 0.451465 0.562536 0.116834 0.147455 0.871153
0 0.259351 0.611423 0.127705 0.136648 0.867526
0 0.350381 0.467323 0.0781614 0.07563 0.861116
0 0.198709 0.517649 0.0907926 0.090762 0.853674
0 0.710367 0.457775 0.0785238 0.0622314 0.816879
0 0.277548 0.414945 0.0723686 0.0766247 0.796797
0 0.46431 0.464633 0.0755098 0.0584354 0.794635
0 0.964713 0.524518 0.0705735 0.0837106 0.773799
0 0.603126 0.467172 0.0890955 0.0767487 0.76072
0 0.39077 0.402745 0.0653611 0.0541348 0.757083
0 0.899829 0.454852 0.090427 0.0794546 0.753973
0 0.0823689 0.389383 0.0651257 0.0567765 0.752453
0 0.624261 0.551374 0.0932125 0.0821974 0.730291
0 0.683211 0.403332 0.0710988 0.0507533 0.638898
0 0.474862 0.427571 0.0701893 0.0606212 0.5883
0 0.779619 0.371802 0.0571682 0.0404941 0.549874
0 0.839186 0.408402 0.0237469 0.0513665 0.455278
