0 0.623453 0.879856 0.186751 0.190253 0.943928
0 0.27837 0.817805 0.1677 0.138141 0.922606
0 0.341458 0.66395 0.138381 0.136933 0.920147
0 0.768117 0.701123 0.139983 0.128944 0.906583
0 0.549682 0.659866 0.128256 0.111752 0.890682
0 0.683301 0.561491 0.0968351 0.0995066 0.877241
0 0.841356 0.580832 0.115533 0.121035 0.861993
0 0.0322383 0.914117 0.0641646 0.171765 0.856098
0 0.376058 0.538044 0.0956848 0.0814334 0.850866
0 0.0178655 0.464364 0.035731 0.0613754 0.799573
0 0.276939 0.484032 0.0834743 0.0678421 0.798171
0 0.1337 0.442388 0.0805003 0.0636007 0.79
0 0.968564 0.433398 0.062872 0.0696197 0.773638
0 0.396492 0.456729 0.0733919 0.0645994 0.758304
0 0.523757 0.513012 0.0892004 0.0680698 0.718689
0 0.242851 0.942512 0.204028 0.114976 0.679231
0 0.968681 0.767827 0.0626391 0.151685 0.628186
0 0.615094 0.409882 0.0651619 0.0623801 0.571083
0 0.184699 0.397053 0.0692725 0.0593134 0.557278
0 0.653561 0.31667 0.0501038 0.0498202 0.432666
0 0.318063 0.394882 0.0606858 0.0526973 0.346863
0 0.409071 0.40942 0.0714572 0.0599043 0.318702
