0 0.595188 0.742938 0.152411 0.127035 0.924799
0 0.558477 0.626054 0.11486 0.105052 0.924212
0 0.732449 0.576587 0.11594 0.13375 0.907315
0 0.306988 0.82946 0.198516 0.17973 0.905949
0 0.0953085 0.750912 0.164342 0.130834 0.904699
0 0.901647 0.899419 0.192127 0.196404 0.903867
0 0.365188 0.663048 0.131847 0.116964 0.903819
0 0.261239 0.49962 0.0976564 0.0943495 0.889873
0 0.207808 0.592175 0.12652 0.0926937 0.886959
0 0.837372 0.519678 0.100935 0.100393 0.876726
0 0.748049 0.422747 0.0710565 0.0732106 0.8612
0 0.0444799 0.518078 0.0884054 0.0806977 0.859048
0 0.190368 0.390632 0.065085 0.0529046 0.853572
0 0.673741 0.447413 0.0847826 0.0903822 0.852365
0 0.529498 0.505128 0.0880526 0.0835986 0.841844
0 0.394985 0.494939 0.0855289 0.0739793 0.835298
0 0.528193 0.390785 0.0635708 0.0520648 0.760589
0 0.613228 0.32401 0.0573729 0.0587876 0.751063
0 0.324637 0.397894 0.0728199 0.0602206 0.724226
0 0.243106 0.344021 0.0524004 0.0410056 0.708533
0 0.666505 0.297732 0.0463419 0.0474657 0.588174
0 0.409002 0.442209 0.0735753 0.0598085 0.560102
0 0.809109 0.305401 0.0489258 0.0449862 0.393082
0 0.0914324 0.428946 0.0312774 0.0558633 0.315487
