0 0.900195 0.62201 0.126381 0.126178 0.925631
0 0.582941 0.714159 0.167072 0.20428 0.920355
0 0.382114 0.551938 0.113216 0.0990332 0.911327
0 0.224138 0.91857 0.208403 0.159245 0.910816
0 0.338603 0.691486 0.138698 0.114643 0.889109
0 0.867949 0.802107 0.189692 0.199139 0.87852
0 0.0630179 0.882247 0.124847 0.16207 0.863712
0 0.242701 0.533623 0.102779 0.0853151 0.859444
0 0.553731 0.540747 0.0983637 0.0781322 0.856368
0 0.660702 0.455159 0.0856565 0.0880543 0.834819
0 0.170695 0.409359 0.070034 0.0513707 0.8064
0 0.727023 0.409886 0.0638796 0.0658295 0.793668
0 0.474676 0.4293 0.0707697 0.0570374 0.787973
0 0.867894 0.353665 0.0598385 0.0533556 0.784124
0 0.402729 0.478108 0.0838838 0.0692049 0.766216
0 0.0245439 0.538847 0.0490878 0.104687 0.752223
0 0.0518475 0.414421 0.0737642 0.0520759 0.72797
0 0.606953 0.939756 0.208697 0.120488 0.727527
0 0.0701128 0.466718 0.0302488 0.0600644 0.724927
0 0.290461 0.452601 0.0863827 0.0627537 0.684966
0 0.610281 0.368309 0.0599272 0.0555266 0.667469
0 0.53724 0.484751 0.0809443 0.0710855 0.666033
0 0.313559 0.408504 0.0739661 0.0676941 0.627225
0 0.182868 0.663634 0.0560814 0.107695 0.617832
0 0.517315 0.322746 0.0508481 0.0378366 0.578705
0 0.417155 0.401938 0.0620071 0.0534467 0.564614
0 0.346582 0.335033 0.0589975 0.0494957 0.543811
0 0.670529 0.328721 0.0574627 0.0592088 0.486399
0 0.00958969 0.463101 0.0191794 0.0536434 0.341871
0 0.587932 0.315066 0.0532322 0.0457968 0.338721
