0 0.59034 0.879058 0.185147 0.163762 0.933443
0 0.30095 0.794517 0.172881 0.18527 0.92219
0 0.86252 0.591298 0.111128 0.104394 0.898952
0 0.821759 0.737459 0.170673 0.176937 0.898863
0 0.538787 0.510799 0.102741 0.115216 0.882534
0 0.681395 0.533922 0.0941603 0.092042 0.878015
0 0.348255 0.612421 0.120432 0.101905 0.871838
0 0.762704 0.467702 0.0851215 0.0879496 0.869079
0 0.0688265 0.484998 0.0897743 0.0764996 0.850469
0 0.24447 0.554349 0.10123 0.0812632 0.840397
0 0.383579 0.506179 0.0847509 0.0701433 0.812508
0 0.531063 0.590622 0.107018 0.0876095 0.806967
0 0.138676 0.428935 0.0784864 0.069935 0.791638
0 0.631573 0.45515 0.0768297 0.0670626 0.772316
0 0.402984 0.442973 0.0821404 0.0694322 0.758297
0 0.941752 0.407912 0.0700584 0.0623064 0.743657
0 0.190794 0.962646 0.210419 0.0744331 0.742867
0 0.302408 0.432204 0.0700951 0.0569348 0.506768
0 0.237384 0.355496 0.0509569 0.0416161 0.449606
0 0.58876 0.338821 0.0560443 0.0527143 0.42325
