0 0.316958 0.730782 0.143495 0.129599 0.934853
0 0.358547 0.602056 0.117158 0.115563 0.924151
0 0.29318 0.840956 0.16473 0.144759 0.919956
0 0.733845 0.669789 0.121662 0.124779 0.918387
0 0.896289 0.90139 0.194801 0.191405 0.899734
0 0.927492 0.696005 0.145015 0.155022 0.888709
0 0.541492 0.579619 0.105747 0.091489 0.878961
0 0.0816409 0.752493 0.155724 0.130623 0.875434
0 0.583286 0.707843 0.144167 0.128527 0.863942
0 0.599785 0.863875 0.183623 0.150334 0.862398
0 0.386654 0.497726 0.0884761 0.0728882 0.838678
0 0.167525 0.417075 0.0701943 0.0586479 0.832258
0 0.637779 0.459794 0.0742317 0.0688301 0.822508
0 0.0410866 0.429454 0.0787331 0.0548512 0.809213
0 0.294119 0.45203 0.0752869 0.0604326 0.785505
0 0.520852 0.473719 0.0811337 0.0624645 0.778387
0 0.668198 0.344213 0.0564081 0.0547265 0.751045
0 0.40271 0.433386 0.0687381 0.058455 0.728392
0 0.314069 0.968893 0.218454 0.0622149 0.629182
0 0.977742 0.448089 0.0445156 0.0788429 0.555681
0 0.215452 0.379143 0.0646732 0.0527885 0.264523
0 0.529598 0.422335 0.0762369 0.0662445 0.260846
