0 0.404484 0.742147 0.144718 0.127728 0.941282
0 0.632641 0.665971 0.133818 0.121436 0.902269
0 0.0981963 0.90057 0.196393 0.192277 0.899895
0 0.737179 0.499569 0.0985371 0.0924118 0.896812
0 0.162878 0.51923 0.103147 0.0952865 0.892062
0 0.901237 0.750692 0.163202 0.133139 0.888943
0 0.326562 0.450212 0.087335 0.0848106 0.883484
0 0.788955 0.592769 0.125129 0.0918804 0.880299
0 0.439838 0.626242 0.114461 0.103442 0.879718
0 0.471519 0.505417 0.0870954 0.0845013 0.851639
0 0.688778 0.828756 0.189313 0.183896 0.845122
0 0.265261 0.575331 0.118746 0.137413 0.84459
0 0.957321 0.515176 0.0853576 0.0747879 0.84097
0 0.252134 0.423161 0.0708524 0.0733023 0.835475
0 0.808091 0.390795 0.0662426 0.0544522 0.826813
0 0.604257 0.495426 0.0862434 0.0762764 0.814748
0 0.386357 0.323181 0.058565 0.0598369 0.790805
0 0.674188 0.398868 0.0742529 0.0603165 0.732699
0 0.469974 0.391194 0.0646243 0.0512112 0.720001
0 0.332673 0.298459 0.0472908 0.0454425 0.713184
0 0.757685 0.344299 0.0499865 0.0382893 0.624539
0 0.190869 0.305506 0.0508688 0.0455914 0.579039
0 0.90988 0.427548 0.025643 0.0562497 0.43632
0 0.589305 0.443399 0.0738903 0.0624287 0.412254
