0 0.376963 0.583802 0.124992 0.111811 0.931523
0 0.597187 0.773118 0.193562 0.228666 0.919059
0 0.863168 0.573722 0.110402 0.10811 0.900664
0 0.321243 0.744097 0.148423 0.123013 0.889777
0 0.558265 0.562608 0.10389 0.0866049 0.8595
0 0.808397 0.707646 0.156394 0.164929 0.854584
0 0.650853 0.428676 0.078332 0.0804189 0.837537
0 0.400245 0.50046 0.0922992 0.0742506 0.836427
0 0.225656 0.558386 0.10858 0.0894384 0.834404
0 0.155429 0.42266 0.0740498 0.0533192 0.820184
0 0.485933 0.438752 0.0733975 0.0620882 0.819734
0 0.858884 0.343111 0.057613 0.0562175 0.814849
0 0.415253 0.415851 0.0628237 0.0543953 0.812045
0 0.309062 0.421462 0.0772452 0.0707232 0.762564
0 0.714046 0.387416 0.0628288 0.06355 0.760853
0 0.280549 0.469685 0.0871743 0.0664315 0.735027
0 0.0362252 0.425888 0.0724504 0.0579577 0.718754
0 0.186002 0.96771 0.221904 0.0645798 0.71164
0 0.344679 0.343155 0.059718 0.0472806 0.652087
0 0.0397344 0.49098 0.0333408 0.0642833 0.610646
0 0.520674 0.331782 0.0559882 0.0421403 0.595322
0 0.986965 0.777496 0.0259579 0.150712 0.581715
0 0.604238 0.347301 0.0581888 0.0526939 0.580341
0 0.024861 0.941566 0.049722 0.116869 0.544045
0 0.122114 0.386459 0.0221464 0.0417444 0.526681
0 0.00833441 0.566075 0.0166688 0.084589 0.524061
0 0.238854 0.352316 0.0551818 0.0413323 0.511871
0 0.540915 0.505142 0.0879953 0.0753439 0.363671
0 0.138278 0.721789 0.0613662 0.106849 0.290994
