0 0.76692 0.481758 0.154063 0.0655006 0.61951
0 0.630198 0.607681 0.0703053 0.147042 0.577074
0 0.466564 0.607304 0.0660171 0.121438 0.504609
0 0.919766 0.612496 0.0771179 0.135201 0.486904
0 0.703803 0.61537 0.0732553 0.143858 0.477162
0 0.552215 0.612613 0.0767767 0.133218 0.442743
0 0.327617 0.611339 0.0666358 0.135696 0.358808
0 0.657106 0.843947 0.66334 0.311339 0.355949
0 0.399945 0.614008 0.0613877 0.138958 0.316534
0 0.254644 0.622084 0.0664718 0.136764 0.291248
0 0.296752 0.543193 0.577332 0.315359 0.269882
