0 0.516404 0.57988 0.0767513 0.13128 0.608329
0 0.639451 0.0304951 0.137849 0.0609903 0.566979
0 0.434507 0.587351 0.0750403 0.135777 0.495264
0 0.366567 0.224105 0.0821038 0.137574 0.470719
0 0.357231 0.819777 0.077789 0.128509 0.442554
0 0.276207 0.827534 0.076713 0.145434 0.440129
0 0.603676 0.583593 0.0825869 0.145394 0.417491
0 0.355248 0.586476 0.0780295 0.134892 0.408322
0 0.444431 0.823567 0.0822809 0.1406 0.369206
0 0.534969 0.219727 0.079949 0.142703 0.303763
0 0.194196 0.576371 0.0696039 0.142848 0.285424
