0 0.800729 0.548193 0.0847767 0.107369 0.887022
0 0.877178 0.838834 0.174842 0.237359 0.840264
0 0.304773 0.632967 0.0810607 0.158839 0.825477
0 0.693351 0.628144 0.091835 0.13069 0.812318
0 0.459465 0.479036 0.0410412 0.0680613 0.808461
0 0.586265 0.509196 0.053483 0.0824745 0.800517
0 0.68598 0.521334 0.070653 0.0836325 0.798919
0 0.599635 0.445309 0.0446369 0.0520893 0.720054
0 0.551215 0.450448 0.0405674 0.0603738 0.672583
0 0.339381 0.380596 0.0276452 0.04048 0.626044
0 0.484217 0.388042 0.0251415 0.0329261 0.586218
0 0.696666 0.475439 0.0516104 0.0597124 0.52321
0 0.417572 0.37781 0.023233 0.0355373 0.450762
0 0.516409 0.421789 0.0295253 0.0398809 0.421258
0 0.462814 0.358848 0.0204838 0.0275857 0.316448
