0 0.743072 0.574174 0.085095 0.0950236 0.867092
0 0.686576 0.623314 0.0872496 0.109241 0.846219
0 0.573642 0.486602 0.0505402 0.0709475 0.83233
0 0.92431 0.917945 0.149755 0.163521 0.829272
0 0.330073 0.471049 0.0407815 0.0634573 0.814161
0 0.948556 0.92199 0.0999086 0.15415 0.792568
0 0.805898 0.556859 0.0829012 0.0874838 0.781861
0 0.660585 0.491054 0.0457003 0.0703852 0.777175
0 0.536605 0.433838 0.0375465 0.054648 0.762531
0 0.931448 0.622813 0.137105 0.226779 0.756206
0 0.392094 0.42888 0.0348581 0.0486987 0.731838
0 0.607029 0.454856 0.0446033 0.0551055 0.673405
0 0.698207 0.469698 0.0382569 0.0604292 0.650031
0 0.413249 0.371256 0.0267634 0.0368996 0.60295
0 0.497916 0.391529 0.0295401 0.0425942 0.576047
0 0.563125 0.395877 0.0469688 0.0808763 0.518905
0 0.562582 0.413847 0.046024 0.0453272 0.511411
