0 0.607161 0.576786 0.0567886 0.0883953 0.864232
0 0.244626 0.690632 0.114023 0.133225 0.861453
0 0.218877 0.575874 0.129707 0.170282 0.86113
0 0.731396 0.895525 0.1245 0.206052 0.860306
0 0.548218 0.460383 0.0394609 0.0622068 0.827383
0 0.424276 0.498851 0.0580251 0.0783765 0.756777
0 0.319805 0.519148 0.0699522 0.0998875 0.713359
0 0.0566174 0.780873 0.106057 0.168561 0.707531
0 0.468601 0.445094 0.0364206 0.0501768 0.623927
0 0.072718 0.90057 0.145436 0.19886 0.563137
0 0.0555956 0.650123 0.107351 0.146906 0.545215
0 0.417735 0.436269 0.0430511 0.0595644 0.539288
0 0.630519 0.35546 0.0226707 0.0280888 0.342573
0 0.399771 0.403325 0.0393412 0.049393 0.308674
