0 0.198284 0.610794 0.111968 0.133534 0.889326
0 0.572113 0.630965 0.0718822 0.118998 0.883291
0 0.669134 0.522726 0.0508343 0.0796389 0.866724
0 0.243161 0.700128 0.117924 0.160577 0.849673
0 0.275372 0.501476 0.0652923 0.0777554 0.831182
0 0.668748 0.424684 0.0355186 0.0555704 0.771745
0 0.445061 0.47227 0.0421162 0.0603647 0.750367
0 0.336233 0.509724 0.0319626 0.0475304 0.743666
0 0.484314 0.414914 0.0290508 0.042287 0.718576
0 0.425902 0.419075 0.0304899 0.0524683 0.681574
0 0.126105 0.593307 0.0846222 0.102535 0.661405
0 0.585237 0.36467 0.0222057 0.0329727 0.660099
0 0.0589474 0.906136 0.115883 0.187729 0.638165
0 0.520712 0.373316 0.0256697 0.0308358 0.494661
0 0.458571 0.393147 0.0276981 0.0395475 0.440148
0 0.0104264 0.693451 0.0208529 0.0913963 0.350291
0 0.369909 0.564582 0.0626385 0.0915879 0.31521
0 0.414494 0.390391 0.0339396 0.0358301 0.270507
