0 0.505891 0.629 0.0687038 0.10442 0.893676
0 0.681041 0.521576 0.0627521 0.0767059 0.863938
0 0.807348 0.76323 0.123645 0.166904 0.84028
0 0.93729 0.767817 0.12542 0.174204 0.840182
0 0.831569 0.563656 0.0980195 0.113531 0.829273
0 0.359118 0.588792 0.0562226 0.0978242 0.825024
0 0.603166 0.519251 0.0532908 0.0863806 0.813849
0 0.701999 0.473382 0.0556902 0.0621269 0.810351
0 0.534806 0.44542 0.0409676 0.057082 0.776943
0 0.340893 0.383585 0.0236021 0.0344683 0.582295
0 0.505026 0.400675 0.0306557 0.0466189 0.557139
0 0.461888 0.356944 0.0231233 0.0339291 0.493976
0 0.38477 0.391399 0.0269287 0.0372129 0.474896
0 0.607838 0.465749 0.0422377 0.0516819 0.435059
0 0.539795 0.395081 0.0266775 0.0349671 0.434898
0 0.568207 0.417443 0.0346207 0.049741 0.429465
0 0.51944 0.371426 0.0236805 0.0325833 0.30334
