0 0.240825 0.581361 0.0865449 0.107841 0.896364
0 0.469939 0.680571 0.0854732 0.116316 0.882456
0 0.677439 0.597819 0.0560248 0.0934196 0.880573
0 0.191146 0.778001 0.143187 0.176594 0.853375
0 0.591873 0.565112 0.0554302 0.0842686 0.849189
0 0.326225 0.510535 0.0587444 0.0798349 0.838386
0 0.104216 0.708299 0.142623 0.147563 0.821987
0 0.121219 0.598399 0.10011 0.110488 0.81841
0 0.549763 0.469506 0.0399642 0.0563934 0.816444
0 0.269745 0.489949 0.0610776 0.0734795 0.790024
0 0.332291 0.597418 0.0688669 0.105553 0.71411
0 0.414176 0.507397 0.0538886 0.0689046 0.709838
0 0.587475 0.371608 0.0236572 0.0340517 0.657655
0 0.662081 0.367399 0.0267712 0.0429695 0.617127
0 0.456689 0.454418 0.0442854 0.0614897 0.495843
0 0.417552 0.430303 0.0310302 0.0442717 0.32671
0 0.516353 0.385798 0.0279951 0.039992 0.253683
