0 0.124941 0.685114 0.122849 0.133883 0.912893
0 0.147946 0.820862 0.148367 0.20638 0.878729
0 0.138541 0.580489 0.101568 0.0979637 0.859214
0 0.665963 0.6323 0.0749426 0.106304 0.827553
0 0.618188 0.464116 0.0416273 0.0619627 0.806299
0 0.521209 0.536951 0.065765 0.104453 0.776997
0 0.444549 0.474601 0.0463259 0.0628796 0.759537
0 0.660112 0.399438 0.0262762 0.0367883 0.715533
0 0.584764 0.373262 0.0238785 0.042889 0.704694
0 0.281217 0.55442 0.0824523 0.0967814 0.650924
0 0.517297 0.381143 0.0229874 0.0284741 0.54188
0 0.466968 0.385969 0.0296904 0.0379691 0.493624
0 0.393325 0.458516 0.0399184 0.0531214 0.442563
0 0.496499 0.361741 0.0211765 0.0295769 0.39911
0 0.42564 0.425994 0.0358437 0.0461273 0.386821
0 0.340443 0.487677 0.0341605 0.0719992 0.261958
