0 0.272239 0.492017 0.0681137 0.0844387 0.894801
0 0.0740852 0.627265 0.122746 0.119293 0.878153
0 0.166758 0.815981 0.15375 0.18717 0.837637
0 0.524067 0.530895 0.0505563 0.0727881 0.833005
0 0.255656 0.586997 0.0829152 0.0969542 0.825217
0 0.593434 0.534615 0.0579624 0.103489 0.820088
0 0.735559 0.902011 0.128491 0.195979 0.809993
0 0.406892 0.495728 0.0617023 0.082048 0.803162
0 0.582651 0.376132 0.0224595 0.0322372 0.724084
0 0.0360582 0.80085 0.0713925 0.205246 0.72308
0 0.659002 0.368769 0.0235279 0.0354935 0.658171
0 0.330909 0.603457 0.0508897 0.0975425 0.63908
0 0.621621 0.360928 0.0208063 0.0284692 0.472288
0 0.4178 0.376259 0.0508282 0.0810669 0.373049
0 0.445878 0.456838 0.0364265 0.0562439 0.288248
