0 0.790293 0.611907 0.107446 0.131655 0.901728
0 0.533111 0.637075 0.0751889 0.10776 0.858782
0 0.685904 0.525673 0.0664577 0.0720428 0.846984
0 0.405662 0.704672 0.0707906 0.129713 0.842678
0 0.90391 0.593004 0.110449 0.150199 0.816134
0 0.557637 0.475899 0.0451889 0.0567383 0.744018
0 0.382135 0.403602 0.0603351 0.125761 0.696318
0 0.666377 0.600231 0.0631838 0.103003 0.641122
0 0.526625 0.43159 0.0349344 0.0444658 0.609337
0 0.582328 0.430669 0.0401452 0.0494391 0.593383
0 0.747651 0.503444 0.0657328 0.0777796 0.556769
0 0.607376 0.532402 0.042268 0.0817942 0.517509
0 0.832274 0.521141 0.0986883 0.0984478 0.501675
0 0.678678 0.460031 0.0494076 0.0507389 0.417196
0 0.549033 0.399064 0.0278994 0.0396032 0.398551
0 0.487287 0.388579 0.0235603 0.0325274 0.382992
0 0.910664 0.897443 0.178673 0.204636 0.340471
0 0.509077 0.408461 0.0261957 0.0379035 0.270618
