0 0.156284 0.653489 0.115651 0.144193 0.93332
0 0.579205 0.698716 0.0929178 0.178913 0.86334
0 0.238097 0.515418 0.0734624 0.088047 0.831179
0 0.291028 0.658716 0.101244 0.124741 0.796683
0 0.572713 0.405123 0.0360508 0.0621299 0.786663
0 0.0341721 0.690634 0.0680996 0.173406 0.763221
0 0.399313 0.526323 0.0576354 0.0899764 0.755774
0 0.612461 0.415097 0.0300365 0.0461697 0.739522
0 0.465702 0.448457 0.0415709 0.0562281 0.663143
0 0.64515 0.355763 0.0228191 0.0320625 0.652084
0 0.512922 0.388511 0.0288942 0.0340708 0.559902
0 0.428722 0.432066 0.0386461 0.0475199 0.525621
0 0.33317 0.475614 0.0490099 0.123937 0.486061
0 0.595273 0.351103 0.0206371 0.0277921 0.473348
0 0.502127 0.356982 0.0208164 0.0312694 0.292972
0 0.453353 0.403326 0.0322299 0.0440351 0.288225
