0 0.559943 0.72805 0.0992659 0.143967 0.919083
0 0.760149 0.721018 0.114968 0.144493 0.872675
0 0.55535 0.462052 0.0469091 0.0697213 0.834361
0 0.770102 0.597508 0.0805677 0.103355 0.829032
0 0.327764 0.461424 0.0380433 0.0535992 0.817997
0 0.439845 0.753271 0.109785 0.206354 0.806212
0 0.398028 0.528568 0.0494782 0.0710821 0.791463
0 0.380817 0.40895 0.0323666 0.0493542 0.705474
0 0.438196 0.428739 0.0335402 0.0532871 0.673575
0 0.586785 0.434498 0.0350616 0.0549387 0.635123
0 0.645308 0.486951 0.0543801 0.0740963 0.628125
0 0.502298 0.402399 0.0358119 0.0433554 0.536256
0 0.752104 0.520918 0.0678869 0.0846725 0.516313
0 0.658829 0.497969 0.0270245 0.0520695 0.514618
0 0.573695 0.38649 0.0313026 0.0390424 0.466947
0 0.620638 0.539514 0.0699146 0.102866 0.385211
0 0.344041 0.337675 0.0370785 0.0966465 0.334266
