0 0.931126 0.745713 0.137749 0.182415 0.896773
0 0.761453 0.500786 0.114504 0.116783 0.849529
0 0.464803 0.492776 0.0467875 0.0716721 0.848869
0 0.762974 0.589951 0.0880073 0.102946 0.836867
0 0.688267 0.61839 0.0748078 0.120038 0.798896
0 0.447038 0.841617 0.1036 0.184414 0.798482
0 0.57456 0.481437 0.0520089 0.0826616 0.770693
0 0.390907 0.446009 0.037613 0.051178 0.767907
0 0.585301 0.433754 0.043283 0.0584402 0.749088
0 0.915432 0.891759 0.169135 0.215278 0.718021
0 0.548091 0.406564 0.0284292 0.0412315 0.710115
0 0.654044 0.490861 0.0463154 0.0770147 0.696993
0 0.503814 0.408697 0.0310501 0.042798 0.679069
0 0.563397 0.377477 0.0276463 0.03541 0.59689
0 0.42166 0.38534 0.0244087 0.0372371 0.439365
