0 0.184485 0.764725 0.148936 0.183086 0.875874
0 0.126445 0.600332 0.115984 0.132017 0.866248
0 0.697204 0.632989 0.0704591 0.116578 0.864585
0 0.584242 0.59801 0.0585394 0.0917099 0.860464
0 0.033051 0.817597 0.0655497 0.182947 0.785134
0 0.397313 0.51638 0.0543363 0.0845198 0.751582
0 0.298544 0.540247 0.125166 0.130839 0.747539
0 0.615104 0.400706 0.0341833 0.0742094 0.732709
0 0.557863 0.455168 0.0375401 0.0589705 0.730211
0 0.475585 0.4352 0.0369263 0.0538809 0.709591
0 0.293982 0.516858 0.130824 0.173185 0.672082
0 0.270352 0.542226 0.0823086 0.127499 0.669698
0 0.0233738 0.68627 0.0464649 0.1277 0.660193
0 0.586545 0.368333 0.0205899 0.0307245 0.619585
0 0.43986 0.417058 0.0388201 0.0548677 0.586357
0 0.341393 0.592528 0.0758934 0.100345 0.571656
0 0.213729 0.527154 0.0592417 0.0905197 0.551245
0 0.495438 0.402286 0.0318045 0.0420918 0.43194
0 0.394822 0.447257 0.0458136 0.0585846 0.28551
0 0.30676 0.499683 0.118777 0.203096 0.281264
0 0.425521 0.386048 0.0345272 0.0382529 0.262789
