0 0.686324 0.635565 0.0652569 0.112352 0.815362
0 0.608929 0.446186 0.0343193 0.0508239 0.793123
0 0.455886 0.462722 0.0447659 0.057341 0.666768
0 0.402271 0.450133 0.0434645 0.0551936 0.65036
0 0.0642694 0.883782 0.127764 0.231123 0.628397
0 0.663685 0.396293 0.028779 0.0419915 0.58211
0 0.17591 0.629066 0.167475 0.200874 0.526659
0 0.451149 0.40455 0.0289297 0.0418774 0.505411
0 0.51596 0.377313 0.0218647 0.0312757 0.475181
0 0.475434 0.425971 0.031529 0.0445393 0.469071
0 0.3031 0.634433 0.101668 0.127716 0.344594
0 0.483562 0.376774 0.0229511 0.032188 0.316319
0 0.425256 0.384808 0.027169 0.0375653 0.315557
