0 0.885695 0.692102 0.121823 0.13895 0.890273
0 0.754519 0.57959 0.0832483 0.104446 0.879655
0 0.71619 0.485269 0.0645823 0.0855764 0.869428
0 0.692692 0.62336 0.0876141 0.106227 0.868114
0 0.541002 0.685606 0.119581 0.18892 0.843437
0 0.65637 0.502926 0.0566875 0.0730993 0.770909
0 0.333121 0.427495 0.0290439 0.0460773 0.7584
0 0.543325 0.451717 0.0425995 0.063454 0.755879
0 0.410364 0.364022 0.0210269 0.031942 0.690112
0 0.498652 0.405063 0.0258438 0.0388635 0.652365
0 0.592413 0.443916 0.0411135 0.0537758 0.634172
0 0.979739 0.823978 0.0405228 0.139334 0.598887
0 0.550806 0.404078 0.0293991 0.0360988 0.449518
0 0.516424 0.376739 0.0223409 0.0301462 0.428438
0 0.481449 0.384563 0.0237266 0.0311004 0.268758
