0 0.767852 0.59683 0.0889523 0.105605 0.90197
0 0.898668 0.864835 0.185293 0.22844 0.875362
0 0.416164 0.693541 0.0811117 0.133468 0.872255
0 0.57197 0.785236 0.115592 0.170886 0.834325
0 0.791966 0.543821 0.0825564 0.0861591 0.82917
0 0.584446 0.503923 0.0534676 0.0780726 0.81368
0 0.460716 0.476362 0.0453409 0.0704605 0.809891
0 0.391095 0.451656 0.0367264 0.0545758 0.773123
0 0.675352 0.613173 0.0732071 0.104006 0.712324
0 0.672434 0.454101 0.0502361 0.0679419 0.710511
0 0.541162 0.447132 0.0383963 0.0590892 0.670016
0 0.423982 0.39526 0.0276857 0.0389905 0.656838
0 0.339797 0.437608 0.0325237 0.0436712 0.648919
0 0.949207 0.662929 0.101587 0.132761 0.629686
0 0.494527 0.39672 0.0272457 0.0371291 0.623599
0 0.565192 0.423665 0.0359933 0.0468414 0.528591
0 0.577431 0.386611 0.0303288 0.0366726 0.460527
0 0.411587 0.365207 0.0245718 0.0316203 0.349544
0 0.475747 0.367855 0.0218427 0.030471 0.313076
