0 0.251719 0.514745 0.0692954 0.0781788 0.881701
0 0.157969 0.804373 0.154901 0.177929 0.867647
0 0.0581271 0.662049 0.11532 0.134449 0.852592
0 0.718769 0.77161 0.0984196 0.16025 0.832357
0 0.553186 0.745719 0.0835508 0.142298 0.826075
0 0.271793 0.558709 0.0844609 0.104305 0.825489
0 0.556843 0.461394 0.0417984 0.0646652 0.817414
0 0.423018 0.497581 0.0566695 0.081598 0.805431
0 0.660177 0.409602 0.0272774 0.0440964 0.740276
0 0.621906 0.38018 0.0236811 0.0361802 0.612011
0 0.335354 0.599641 0.0351436 0.0523086 0.589759
0 0.489125 0.422732 0.0388672 0.0450934 0.582196
0 0.586894 0.369665 0.0257553 0.0383568 0.576674
0 0.394632 0.454908 0.0453906 0.0588139 0.433904
0 0.443552 0.410426 0.0337294 0.0466894 0.40339
0 0.512545 0.385844 0.0208118 0.0294186 0.302521
0 0.415032 0.390712 0.034889 0.0477172 0.265643
