0 0.0585399 0.785437 0.115933 0.193661 0.858329
0 0.299774 0.629194 0.0901538 0.110312 0.85453
0 0.277571 0.547088 0.0791318 0.0966089 0.832128
0 0.581269 0.636 0.0646292 0.108819 0.828156
0 0.542364 0.474862 0.0391275 0.0567331 0.810132
0 0.728172 0.936484 0.128073 0.127031 0.806538
0 0.398382 0.529122 0.0561277 0.0715923 0.770633
0 0.450342 0.466835 0.0449417 0.0557703 0.715845
0 0.40262 0.449744 0.0450844 0.0564434 0.711425
0 0.577789 0.400275 0.030034 0.048629 0.702844
0 0.65621 0.373855 0.0257506 0.0351571 0.635958
0 0.491843 0.416189 0.0342571 0.0440246 0.523962
0 0.293187 0.451952 0.136754 0.150395 0.486325
0 0.452018 0.404385 0.0322648 0.0430841 0.480007
0 0.477052 0.381404 0.0221921 0.030817 0.325403
0 0.511928 0.387438 0.020751 0.0295329 0.277041
0 0.421834 0.390338 0.026391 0.0342683 0.267086
0 0.19838 0.543526 0.10703 0.106225 0.2506
