0 0.21445 0.617417 0.10086 0.105593 0.905155
0 0.236443 0.518328 0.0708114 0.0861757 0.875382
0 0.324859 0.520776 0.0600678 0.0771119 0.863185
0 0.099465 0.61921 0.0998151 0.119087 0.863112
0 0.21534 0.731414 0.123858 0.145085 0.840029
0 0.599342 0.609389 0.064057 0.114163 0.836392
0 0.415635 0.502968 0.0564594 0.0692799 0.78403
0 0.588111 0.368887 0.0230377 0.0328904 0.687429
0 0.470066 0.436854 0.0467945 0.0631199 0.680939
0 0.331549 0.449061 0.0399948 0.0610918 0.679072
0 0.395923 0.459198 0.0481389 0.0551386 0.652727
0 0.434673 0.426829 0.030092 0.0449907 0.520283
0 0.39718 0.402978 0.0353077 0.0467553 0.409013
0 0.499041 0.399095 0.0286449 0.0433355 0.390829
