0 0.24319 0.581453 0.0868407 0.107921 0.910614
0 0.283814 0.484992 0.0676238 0.0818668 0.848343
0 0.458119 0.68635 0.114094 0.187717 0.821976
0 0.455895 0.452615 0.0455477 0.0650572 0.801161
0 0.342651 0.504917 0.0570349 0.0738853 0.790591
0 0.113874 0.693202 0.129954 0.138085 0.784825
0 0.306765 0.623812 0.0872469 0.107736 0.744991
0 0.66735 0.426689 0.0328247 0.0483874 0.684283
0 0.589187 0.3643 0.0204113 0.0289263 0.672583
0 0.0209497 0.823914 0.0415116 0.1357 0.670297
0 0.029409 0.962788 0.0583191 0.0735025 0.559307
0 0.500562 0.405776 0.027617 0.0409347 0.55212
0 0.40707 0.444279 0.0401608 0.054233 0.53703
0 0.483927 0.377186 0.0229494 0.0315115 0.458451
0 0.447692 0.403062 0.0260874 0.03615 0.289486
0 0.041851 0.674773 0.083702 0.145775 0.27222
