0 0.400949 0.519525 0.0602749 0.0874479 0.854306
0 0.227851 0.740519 0.128501 0.148973 0.852115
0 0.27799 0.488454 0.0644774 0.083547 0.840075
0 0.284539 0.55479 0.0706004 0.0903761 0.837
0 0.162019 0.570034 0.0954437 0.103313 0.836597
0 0.595173 0.52382 0.0509466 0.0813973 0.832227
0 0.442583 0.470668 0.0425325 0.0547436 0.700736
0 0.566278 0.423517 0.0352962 0.0454082 0.695425
0 0.0291358 0.71933 0.0571748 0.0855837 0.68699
0 0.481458 0.420467 0.0334353 0.0412939 0.566573
0 0.338873 0.457467 0.0251964 0.0343592 0.527933
0 0.381581 0.460139 0.0517596 0.0809502 0.469787
0 0.440222 0.417926 0.0360596 0.0439947 0.462251
0 0.467073 0.377761 0.0292015 0.056577 0.414052
0 0.602336 0.335385 0.0205607 0.0237586 0.361204
0 0.512935 0.390565 0.0251333 0.0392078 0.31126
