0 0.0846524 0.628409 0.117737 0.115193 0.894273
0 0.409594 0.816269 0.117842 0.172488 0.88652
0 0.236085 0.519021 0.0758074 0.0948051 0.870273
0 0.246316 0.587506 0.0881626 0.0875889 0.855912
0 0.247806 0.69686 0.11561 0.136673 0.851364
0 0.669377 0.467511 0.042363 0.0679304 0.838002
0 0.605641 0.481003 0.039044 0.0640629 0.796388
0 0.734228 0.910571 0.132968 0.178236 0.784539
0 0.326054 0.456944 0.0541663 0.0653855 0.770198
0 0.419235 0.431067 0.0372718 0.0504618 0.701929
0 0.42184 0.501581 0.0507892 0.0687086 0.697892
0 0.4824 0.416851 0.0341252 0.0494814 0.693284
0 0.508982 0.385548 0.0247122 0.0349315 0.575816
0 0.390816 0.408818 0.0371767 0.0499304 0.541126
0 0.460857 0.395673 0.0278854 0.0334699 0.371757
