0 0.237174 0.682579 0.114707 0.151878 0.876886
0 0.226629 0.591824 0.0875517 0.0930954 0.875439
0 0.528854 0.520771 0.0494686 0.0674473 0.845349
0 0.584499 0.627403 0.0692293 0.11419 0.835108
0 0.12048 0.620108 0.109014 0.108378 0.825087
0 0.431555 0.47118 0.0493732 0.0690647 0.800807
0 0.280731 0.469705 0.113181 0.131911 0.749054
0 0.619358 0.388164 0.0226532 0.0321133 0.657851
0 0.32954 0.601587 0.0587083 0.0995536 0.657162
0 0.574709 0.404171 0.0294491 0.039431 0.617391
0 0.470002 0.442696 0.0347892 0.049238 0.537386
0 0.0583262 0.85808 0.116332 0.283839 0.513859
0 0.501014 0.402221 0.0227897 0.033823 0.448164
0 0.433818 0.416272 0.0328811 0.0417767 0.365387
0 0.398115 0.410823 0.0299812 0.039357 0.328955
