0 0.0598129 0.773386 0.118605 0.170318 0.881567
0 0.19104 0.766316 0.130313 0.165329 0.873809
0 0.316951 0.523643 0.0649243 0.0803053 0.839422
0 0.168152 0.567023 0.100701 0.11785 0.830075
0 0.397818 0.520069 0.0552537 0.086644 0.825121
0 0.493166 0.629437 0.0698441 0.102857 0.824073
0 0.64035 0.587096 0.0552151 0.0946096 0.820285
0 0.46537 0.443304 0.0431117 0.0586849 0.795697
0 0.299239 0.47204 0.0564032 0.0638647 0.77734
0 0.49721 0.401075 0.0315687 0.0429649 0.684476
0 0.659062 0.383427 0.0243544 0.0375554 0.681346
0 0.613554 0.390792 0.0263116 0.0357917 0.620209
0 0.430334 0.416772 0.0314938 0.0506366 0.607271
0 0.392519 0.462221 0.0419622 0.0505043 0.526836
0 0.481307 0.374077 0.0243775 0.0338295 0.477719
0 0.660532 0.33793 0.019071 0.0302382 0.369826
0 0.537096 0.355618 0.0205086 0.0347558 0.250127
