0 0.689411 0.54005 0.0542721 0.087814 0.847128
0 0.242972 0.584921 0.0803849 0.097614 0.837077
0 0.234735 0.715703 0.107124 0.139896 0.809577
0 0.432626 0.474332 0.042606 0.0631893 0.804986
0 0.249461 0.507734 0.0716971 0.0740634 0.802688
0 0.573241 0.396461 0.029162 0.0404022 0.791795
0 0.0558904 0.763976 0.108124 0.204055 0.785669
0 0.665682 0.401245 0.0318984 0.0484864 0.765182
0 0.392381 0.456574 0.0413277 0.0585388 0.755867
0 0.0685024 0.925153 0.137005 0.143776 0.73154
0 0.361419 0.924998 0.150408 0.147919 0.728893
0 0.446334 0.409384 0.0329993 0.0404357 0.659663
0 0.416115 0.393881 0.0309801 0.039683 0.598644
0 0.4807 0.378959 0.0240508 0.0329091 0.583095
0 0.623839 0.367125 0.0246033 0.0340193 0.526631
0 0.506588 0.394383 0.0253906 0.034837 0.47171
0 0.593659 0.353931 0.0198496 0.0302389 0.445438
0 0.654365 0.359403 0.0205702 0.0254775 0.291891
