0 0.511933 0.572285 0.0599077 0.0887124 0.862949
0 0.253354 0.50613 0.0723567 0.0795247 0.859512
0 0.43074 0.496254 0.0485077 0.0679552 0.849475
0 0.0914488 0.630709 0.126418 0.12003 0.807719
0 0.612491 0.44292 0.0315249 0.0525374 0.801763
0 0.187327 0.709906 0.136068 0.166043 0.737212
0 0.323832 0.454354 0.0545176 0.0624926 0.735386
0 0.46638 0.43488 0.0449902 0.0584719 0.719662
0 0.347833 0.596281 0.0793333 0.0928774 0.715274
0 0.57382 0.411761 0.0278855 0.0411569 0.681219
0 0.0991992 0.897235 0.196689 0.205141 0.642014
0 0.658419 0.367423 0.0213985 0.0319201 0.60181
0 0.335611 0.596708 0.0550421 0.0914638 0.582687
0 0.413241 0.436983 0.0334598 0.0549107 0.532142
0 0.595625 0.352023 0.0203199 0.0274846 0.349005
0 0.397037 0.40544 0.0390243 0.0510909 0.341205
