0 0.936866 0.646842 0.126268 0.145822 0.907185
0 0.774551 0.526329 0.0727774 0.0953817 0.887777
0 0.714789 0.562543 0.0733918 0.0869869 0.84649
0 0.724548 0.678306 0.0993643 0.130147 0.845803
0 0.595385 0.52055 0.0570288 0.0738079 0.82959
0 0.334524 0.425722 0.0343155 0.0539579 0.784825
0 0.543671 0.448508 0.0435812 0.0618253 0.738604
0 0.655084 0.495835 0.0535417 0.0650684 0.718435
0 0.686133 0.473079 0.0486183 0.0623767 0.715104
0 0.583847 0.432998 0.0403217 0.0546552 0.703207
0 0.500008 0.411546 0.029681 0.0409525 0.689559
0 0.938059 0.77892 0.123882 0.168184 0.582993
0 0.483398 0.378049 0.0273376 0.0360723 0.556705
0 0.537782 0.391696 0.0287857 0.0371552 0.470942
0 0.34833 0.338397 0.0196525 0.0290337 0.44855
0 0.512101 0.37096 0.0213274 0.0324335 0.384174
