0 0.0811095 0.917713 0.157762 0.162919 0.847919
0 0.66895 0.471691 0.0409663 0.0636914 0.83575
0 0.42707 0.487077 0.053125 0.0722996 0.810982
0 0.607607 0.428378 0.0334397 0.0474464 0.794538
0 0.334565 0.492705 0.0366454 0.0710898 0.790158
0 0.255727 0.57352 0.0823303 0.0999605 0.776043
0 0.312797 0.624029 0.088066 0.110634 0.765452
0 0.463872 0.434118 0.0367273 0.0561642 0.702157
0 0.584845 0.370926 0.0248129 0.0370867 0.67987
0 0.0710929 0.62898 0.140923 0.227635 0.672681
0 0.193906 0.557716 0.0876867 0.0924775 0.666218
0 0.393316 0.45467 0.0425876 0.0557332 0.665912
0 0.306284 0.469088 0.0460939 0.0616161 0.655746
0 0.0169546 0.825644 0.0338381 0.137646 0.534994
0 0.621912 0.356653 0.0220552 0.0316275 0.3876
0 0.440248 0.395406 0.0520484 0.082844 0.386256
0 0.65363 0.351871 0.0186453 0.0280424 0.315378
