0 0.773708 0.590871 0.0814735 0.0958916 0.918083
0 0.878473 0.61945 0.104604 0.103231 0.890064
0 0.470891 0.520304 0.0490555 0.0683794 0.853622
0 0.762191 0.679298 0.108556 0.14933 0.840083
0 0.413373 0.626392 0.0696073 0.115146 0.83194
0 0.569091 0.470211 0.0467116 0.0661737 0.827452
0 0.663874 0.59962 0.07388 0.10112 0.736498
0 0.424131 0.402843 0.0285141 0.0389513 0.629329
0 0.381315 0.388474 0.023133 0.0316035 0.627948
0 0.724505 0.468341 0.105072 0.133249 0.622454
0 0.530911 0.442195 0.0351524 0.0503794 0.499534
0 0.496082 0.402411 0.0257771 0.0334587 0.493784
0 0.6169 0.461917 0.0365252 0.0541848 0.274359
0 0.601469 0.409889 0.0319926 0.0402857 0.255754
