0 0.529369 0.680434 0.0825113 0.119211 0.910983
0 0.757595 0.581412 0.0851769 0.106655 0.907907
0 0.808535 0.776519 0.142938 0.177524 0.899076
0 0.322529 0.597679 0.0564055 0.0923291 0.863384
0 0.895247 0.707509 0.146446 0.142023 0.852439
0 0.407976 0.564855 0.0534998 0.0844121 0.841832
0 0.665139 0.593048 0.0711388 0.112098 0.820407
0 0.880096 0.600029 0.100278 0.102211 0.784587
0 0.449479 0.468981 0.0404356 0.0573221 0.779432
0 0.675935 0.510828 0.0556008 0.0764273 0.774107
0 0.585928 0.506707 0.0555912 0.0670341 0.743966
0 0.730245 0.489554 0.0600249 0.0753941 0.721993
0 0.335912 0.368561 0.0259295 0.0417843 0.647065
0 0.546099 0.456341 0.0431864 0.0611471 0.584064
0 0.580007 0.430769 0.032992 0.0451097 0.496149
0 0.409457 0.372506 0.0233342 0.0325044 0.478903
0 0.61751 0.463512 0.0421221 0.0591144 0.457021
0 0.483161 0.386386 0.0281342 0.0366857 0.344229
0 0.590624 0.397364 0.0373651 0.0451132 0.258036
