0 0.164888 0.663429 0.11653 0.131023 0.870883
0 0.24551 0.512929 0.0748188 0.0874468 0.810121
0 0.539467 0.482452 0.0456099 0.0693598 0.802463
0 0.0638562 0.91432 0.127712 0.171359 0.775595
0 0.594746 0.595779 0.0673742 0.101686 0.767971
0 0.614896 0.396069 0.030448 0.0404979 0.732417
0 0.432948 0.415534 0.0451322 0.0553389 0.712054
0 0.441672 0.467465 0.0438495 0.0649565 0.696632
0 0.66249 0.394831 0.0284336 0.040844 0.611589
0 0.466682 0.376782 0.0338388 0.0601007 0.589127
0 0.483011 0.4216 0.037081 0.0522496 0.536074
0 0.344856 0.58435 0.076787 0.0894606 0.4024
0 0.517525 0.38525 0.022112 0.0316767 0.39782
0 0.427439 0.380519 0.0401459 0.0442352 0.265954
