0 0.902849 0.617908 0.105252 0.119731 0.910129
0 0.780022 0.611961 0.0807661 0.117377 0.866157
0 0.56176 0.72656 0.101793 0.156641 0.857114
0 0.89695 0.892327 0.190378 0.209305 0.833005
0 0.319369 0.498076 0.0439867 0.0642689 0.815829
0 0.389692 0.442549 0.0413241 0.0759054 0.78527
0 0.679873 0.593937 0.0715049 0.110456 0.783324
0 0.67195 0.508233 0.0491109 0.0704441 0.76368
0 0.573768 0.472535 0.0486736 0.0688553 0.750372
0 0.410809 0.375477 0.0246521 0.0341212 0.622509
0 0.49994 0.407536 0.0319429 0.0429717 0.595299
0 0.520042 0.377754 0.0228746 0.0334292 0.373041
0 0.556492 0.406809 0.0361044 0.044259 0.351922
