0 0.212587 0.749165 0.13279 0.156929 0.863155
0 0.534671 0.508441 0.0507941 0.0741554 0.841657
0 0.267297 0.573235 0.0783804 0.0935722 0.835873
0 0.585801 0.605332 0.0637655 0.108937 0.821284
0 0.232893 0.524587 0.0669701 0.0820343 0.787758
0 0.0470964 0.772747 0.093919 0.166097 0.7877
0 0.303176 0.481529 0.0580803 0.065216 0.78156
0 0.0360829 0.920455 0.0713557 0.158937 0.759908
0 0.466745 0.450907 0.0418561 0.0544149 0.753043
0 0.584243 0.38369 0.0297359 0.043892 0.713621
0 0.616388 0.411497 0.0273893 0.0394176 0.706294
0 0.422922 0.492646 0.0534513 0.0646519 0.687621
0 0.445883 0.41195 0.0302773 0.0393873 0.662803
0 0.495805 0.408784 0.032048 0.0467901 0.598437
0 0.390954 0.462617 0.036448 0.0565304 0.529146
0 0.657512 0.371755 0.020493 0.0290652 0.518547
0 0.104781 0.580442 0.139659 0.215835 0.509173
0 0.474687 0.382021 0.0269485 0.0367393 0.487255
0 0.344118 0.971329 0.0537287 0.0573414 0.486245
0 0.0869764 0.618532 0.173953 0.21221 0.397562
0 0.28041 0.989714 0.105 0.0198002 0.29439
