0 0.185314 0.64125 0.111721 0.121451 0.89831
0 0.305579 0.529794 0.0711176 0.0943702 0.86542
0 0.5284 0.529388 0.0493548 0.0726952 0.856799
0 0.427894 0.491627 0.0520685 0.0773094 0.827813
0 0.291984 0.474062 0.0584986 0.0704561 0.814113
0 0.676573 0.450879 0.0344974 0.0535923 0.783651
0 0.608135 0.433547 0.0347399 0.0570141 0.768771
0 0.572843 0.400917 0.0292709 0.0456528 0.76383
0 0.481018 0.422049 0.0371365 0.0486679 0.746333
0 0.447834 0.405455 0.0302717 0.0466398 0.68021
0 0.329592 0.593647 0.0567787 0.104457 0.57774
0 0.660999 0.393265 0.0262335 0.0375492 0.559764
0 0.0778604 0.880828 0.155721 0.238343 0.55581
0 0.431905 0.37717 0.0334797 0.046328 0.519072
0 0.380541 0.461678 0.0500958 0.0596037 0.4669
0 0.507176 0.396184 0.023646 0.0330418 0.46185
0 0.618948 0.386581 0.0229414 0.0349543 0.448943
0 0.156122 0.584119 0.0930387 0.0937815 0.443219
0 0.478307 0.370266 0.0364742 0.0532604 0.408276
0 0.589478 0.359045 0.0221577 0.0374716 0.293632
