0 0.798642 0.635654 0.0979248 0.122005 0.895443
0 0.685439 0.517689 0.0719711 0.0915223 0.853401
0 0.576632 0.501365 0.0583831 0.0785768 0.847886
0 0.465519 0.510801 0.0505449 0.06826 0.821861
0 0.82572 0.543527 0.0902178 0.137626 0.810616
0 0.417866 0.594506 0.0600684 0.1003 0.800868
0 0.711067 0.642855 0.0814034 0.112205 0.787491
0 0.709184 0.47992 0.0522721 0.0612997 0.757191
0 0.538476 0.449776 0.0370499 0.0513613 0.750663
0 0.50938 0.411522 0.0319569 0.0421879 0.665352
0 0.295969 0.515438 0.0976379 0.262428 0.593888
0 0.514027 0.878736 0.160365 0.23428 0.592738
0 0.422722 0.399713 0.0277411 0.0374644 0.578442
0 0.544876 0.400981 0.0246908 0.034795 0.546517
0 0.357183 0.390152 0.0251969 0.0337238 0.528555
0 0.487904 0.387028 0.0253063 0.0330733 0.467951
0 0.607225 0.46149 0.0399641 0.0567936 0.382594
0 0.593508 0.402966 0.0337597 0.0404596 0.288798
0 0.994479 0.815629 0.011043 0.0456607 0.284705
