0 0.758654 0.584457 0.0783653 0.098236 0.854967
0 0.31052 0.540367 0.0542447 0.0855555 0.851208
0 0.765066 0.715905 0.105806 0.139305 0.836985
0 0.640225 0.924564 0.156778 0.147858 0.793777
0 0.566199 0.474105 0.0440742 0.0591238 0.787291
0 0.333819 0.40177 0.0293265 0.0468499 0.78438
0 0.750249 0.51262 0.0702372 0.0767155 0.761802
0 0.554178 0.410854 0.034524 0.0429758 0.750812
0 0.425944 0.395445 0.030047 0.0414487 0.744709
0 0.608393 0.454576 0.0412399 0.0565819 0.718076
0 0.583145 0.394577 0.0294981 0.0401956 0.669518
0 0.942805 0.769359 0.114389 0.220538 0.658149
0 0.492447 0.394332 0.0300171 0.0363525 0.593618
0 0.519455 0.378543 0.0238802 0.0348011 0.51366
0 0.373622 0.366897 0.0240612 0.0351916 0.419633
0 0.407364 0.354386 0.0200963 0.0310492 0.346369
0 0.460398 0.355282 0.019951 0.0310306 0.329743
0 0.932193 0.92503 0.135613 0.140169 0.310181
