0 0.17804 0.786269 0.152667 0.179109 0.904339
0 0.226769 0.592783 0.115259 0.132179 0.869017
0 0.617717 0.509512 0.0471598 0.0735399 0.846011
0 0.529727 0.516378 0.0505265 0.0729988 0.820419
0 0.573572 0.41495 0.0303385 0.0412483 0.78504
0 0.434757 0.478336 0.0531046 0.0810898 0.780543
0 0.324418 0.513084 0.0598155 0.0781974 0.762105
0 0.414744 0.417939 0.0527266 0.0856419 0.734291
0 0.661041 0.367503 0.0217651 0.0321673 0.658864
0 0.270872 0.487789 0.0637359 0.0653238 0.622408
0 0.500243 0.396765 0.0287912 0.0394798 0.584475
0 0.45742 0.389017 0.0289343 0.0417646 0.568208
0 0.0534428 0.75926 0.106313 0.285538 0.514674
0 0.583687 0.371453 0.0225716 0.0301789 0.463782
0 0.372349 0.556551 0.0654643 0.0912979 0.286406
