0 0.160262 0.566479 0.119607 0.127274 0.906307
0 0.13939 0.682477 0.119019 0.130157 0.902091
0 0.211014 0.745785 0.119847 0.152351 0.872003
0 0.605378 0.50085 0.0441484 0.0749666 0.856368
0 0.440679 0.474507 0.0435476 0.0620817 0.800363
0 0.333572 0.484371 0.0789821 0.133594 0.776415
0 0.664956 0.427805 0.0339003 0.0530088 0.772852
0 0.581484 0.386736 0.0242788 0.0328228 0.674365
0 0.329938 0.60494 0.0596195 0.0939081 0.671029
0 0.399908 0.452887 0.0514739 0.0692432 0.669802
0 0.277411 0.498587 0.0421281 0.0612833 0.624578
0 0.0201526 0.817008 0.0400975 0.168619 0.617811
0 0.622051 0.362677 0.0226492 0.0310624 0.472101
0 0.375272 0.89834 0.12377 0.20332 0.470206
0 0.433734 0.422286 0.0308214 0.0477579 0.467457
0 0.496484 0.406962 0.0301367 0.0403827 0.456774
0 0.48235 0.376175 0.023905 0.0330969 0.402035
0 0.337502 0.898292 0.203368 0.203417 0.309917
