0 0.062621 0.64854 0.125242 0.146717 0.90466
0 0.276055 0.680139 0.103484 0.125985 0.842309
0 0.404399 0.521442 0.0563272 0.0758383 0.827999
0 0.224465 0.524886 0.0747683 0.0921826 0.82612
0 0.0592519 0.783037 0.118126 0.170949 0.799842
0 0.285432 0.564408 0.0750393 0.090452 0.789581
0 0.665581 0.426271 0.0360064 0.0547019 0.76104
0 0.339534 0.496184 0.0415391 0.0656517 0.75289
0 0.455374 0.448671 0.0421013 0.0630088 0.65107
0 0.314478 0.471837 0.0531059 0.0619413 0.623206
0 0.319108 0.483942 0.0566459 0.0884142 0.549475
0 0.417116 0.433775 0.039725 0.0562054 0.548197
0 0.649491 0.337317 0.01957 0.0270015 0.417048
0 0.500651 0.411901 0.0302614 0.0411457 0.385832
0 0.461162 0.389549 0.0312742 0.0423727 0.382276
0 0.616429 0.326298 0.0170643 0.0264018 0.324623
0 0.337987 0.500724 0.0330318 0.0544853 0.300619
0 0.487265 0.371116 0.0236187 0.0321684 0.285264
