0 0.101362 0.875709 0.183558 0.216139 0.877108
0 0.231514 0.595679 0.088746 0.111226 0.859639
0 0.539459 0.476282 0.0442903 0.0678928 0.85374
0 0.582178 0.693313 0.0817419 0.132678 0.852605
0 0.608525 0.45205 0.0347747 0.0555969 0.813066
0 0.415679 0.504465 0.0545102 0.0775815 0.770967
0 0.328262 0.455732 0.0490398 0.0659355 0.767578
0 0.208116 0.544259 0.0878768 0.0883578 0.764499
0 0.427317 0.797758 0.110175 0.150099 0.73244
0 0.0512384 0.664945 0.102477 0.14257 0.731014
0 0.65924 0.437316 0.0309917 0.0479866 0.724901
0 0.574341 0.395524 0.0274506 0.0385587 0.717406
0 0.325163 0.613218 0.0710696 0.105286 0.697158
0 0.434531 0.422917 0.0340141 0.0447878 0.59037
0 0.457984 0.446123 0.0366428 0.0567688 0.572807
0 0.421669 0.386128 0.0289515 0.0380816 0.572054
0 0.504006 0.397488 0.0262154 0.0342515 0.500995
0 0.585564 0.364848 0.0226673 0.0297322 0.42378
0 0.457769 0.394056 0.025539 0.035353 0.422331
0 0.482826 0.37463 0.0228831 0.0323425 0.376676
0 0.523609 0.366578 0.0218273 0.0307002 0.27249
