0 0.195105 0.755474 0.120659 0.156033 0.868511
0 0.69481 0.608814 0.0642072 0.0999167 0.852163
0 0.255885 0.502902 0.0656674 0.0818809 0.827197
0 0.276676 0.556143 0.0739418 0.0920296 0.807247
0 0.655053 0.446853 0.0394549 0.0633595 0.799777
0 0.456117 0.457441 0.046209 0.0664072 0.797011
0 0.335414 0.445181 0.0392495 0.0614273 0.753485
0 0.128312 0.608384 0.107745 0.1121 0.736413
0 0.441728 0.408305 0.053535 0.0645 0.689006
0 0.577882 0.388719 0.0255842 0.0364756 0.687389
0 0.3262 0.588449 0.0616605 0.10252 0.684939
0 0.397703 0.452254 0.0465418 0.0590795 0.673253
0 0.665044 0.400917 0.0303676 0.0461084 0.66659
0 0.617891 0.373596 0.0247957 0.0347315 0.631112
0 0.516217 0.386261 0.0251556 0.0314602 0.59888
0 0.498909 0.356705 0.0229782 0.0315091 0.298899
0 0.477412 0.378057 0.0261543 0.0324286 0.254942
