0 0.267974 0.566461 0.0792671 0.0944894 0.893564
0 0.142643 0.805223 0.157465 0.203806 0.879838
0 0.146169 0.672701 0.111343 0.121906 0.87812
0 0.166734 0.564951 0.0926255 0.1013 0.86298
0 0.409194 0.506762 0.0586526 0.0796278 0.814176
0 0.663 0.419574 0.0306067 0.046712 0.801588
0 0.325965 0.607185 0.0884263 0.11731 0.793692
0 0.24934 0.502505 0.0749741 0.0855899 0.774199
0 0.471252 0.439731 0.0392441 0.0544062 0.749832
0 0.452514 0.403532 0.0318766 0.0467767 0.706211
0 0.0332699 0.685148 0.0656049 0.145043 0.573054
0 0.495097 0.402719 0.0291725 0.0384167 0.474634
0 0.341107 0.498412 0.0279006 0.043925 0.32611
0 0.482007 0.37473 0.0285069 0.0336213 0.322695
0 0.362038 0.461143 0.0758508 0.117365 0.301581
0 0.424189 0.387082 0.0271065 0.0339779 0.293077
0 0.594546 0.360373 0.0221159 0.0290784 0.268424
0 0.52441 0.372875 0.0219019 0.0322375 0.258972
