0 0.805781 0.75309 0.116583 0.157007 0.91418
0 0.30662 0.606186 0.0611547 0.0989105 0.876779
0 0.744911 0.502323 0.0666274 0.0821923 0.872365
0 0.722275 0.554979 0.0716228 0.0908552 0.854192
0 0.872098 0.604935 0.10337 0.107436 0.819652
0 0.342744 0.447091 0.0393861 0.0625726 0.79124
0 0.664228 0.446497 0.0402435 0.0583309 0.755294
0 0.544285 0.457145 0.0448624 0.0642321 0.749455
0 0.48256 0.3864 0.0254054 0.031908 0.740374
0 0.666214 0.586194 0.0754045 0.104303 0.729345
0 0.603346 0.452479 0.043114 0.055551 0.727077
0 0.421163 0.389245 0.0246126 0.0356197 0.620727
0 0.381514 0.374055 0.0249983 0.0337996 0.553311
0 0.559659 0.407617 0.0461609 0.0686649 0.545575
0 0.335 0.400007 0.0297693 0.0447474 0.52946
0 0.360391 0.34273 0.0179258 0.0268599 0.448608
0 0.500562 0.355797 0.0221623 0.0324211 0.402156
0 0.46008 0.355335 0.0210935 0.0339026 0.383966
0 0.522053 0.377932 0.0247954 0.0319857 0.305454
