0 0.756041 0.512975 0.0719156 0.0849749 0.806864
0 0.556937 0.465875 0.0440763 0.0648262 0.789231
0 0.461029 0.481764 0.0445399 0.0708022 0.77841
0 0.566511 0.415807 0.0415947 0.0573397 0.762378
0 0.837423 0.662151 0.113757 0.128633 0.754207
0 0.660686 0.584133 0.0605175 0.0936094 0.721381
0 0.384179 0.396382 0.027469 0.0422054 0.696723
0 0.514268 0.422408 0.039998 0.0532952 0.693036
0 0.405617 0.557763 0.0657699 0.179793 0.691498
0 0.482473 0.3858 0.0236589 0.032677 0.63036
0 0.335826 0.395948 0.0254608 0.039222 0.575844
0 0.534404 0.374495 0.036183 0.0610754 0.549622
0 0.404867 0.588717 0.0643554 0.118953 0.515171
0 0.936833 0.915058 0.126334 0.169885 0.443815
0 0.573527 0.381851 0.0402512 0.0464975 0.387098
