0 0.48601 0.5712 0.0617326 0.0887754 0.884632
0 0.747353 0.505656 0.0704136 0.0767372 0.851488
0 0.907621 0.627096 0.120272 0.117084 0.82977
0 0.569255 0.495203 0.0478106 0.0678806 0.792096
0 0.387295 0.44271 0.0330071 0.0541092 0.780375
0 0.67672 0.454196 0.0557383 0.0605645 0.694148
0 0.425005 0.412022 0.0280392 0.0403687 0.66984
0 0.660473 0.595342 0.0610177 0.0921982 0.661173
0 0.533923 0.434527 0.0474566 0.0574026 0.640915
0 0.801758 0.666004 0.142621 0.233688 0.630451
0 0.8056 0.707371 0.13789 0.154585 0.603395
0 0.899694 0.893985 0.196477 0.204669 0.597995
0 0.340494 0.367525 0.0196239 0.0292891 0.502832
0 0.589761 0.435258 0.0304898 0.0583929 0.430837
0 0.604082 0.405687 0.0357988 0.0508089 0.287811
