0 0.776623 0.589073 0.111833 0.129936 0.921332
0 0.469863 0.51616 0.050025 0.0732054 0.865343
0 0.825054 0.787195 0.151407 0.179025 0.860606
0 0.382728 0.508203 0.0467505 0.072789 0.811912
0 0.675647 0.513476 0.0589923 0.0746891 0.783253
0 0.56623 0.476441 0.0495991 0.0817848 0.758024
0 0.426691 0.414516 0.0301798 0.0400083 0.714994
0 0.587295 0.41744 0.0503845 0.0860716 0.709904
0 0.625598 0.55343 0.065542 0.094482 0.677351
0 0.498528 0.397126 0.0283442 0.039479 0.666541
0 0.72773 0.489121 0.0636045 0.0667152 0.6656
0 0.337055 0.368444 0.022216 0.0332428 0.617599
0 0.542753 0.390193 0.0315039 0.0385324 0.590645
0 0.869225 0.588613 0.0621285 0.0987681 0.456016
0 0.415833 0.369617 0.0225349 0.0312306 0.406318
0 0.504297 0.354204 0.0411726 0.0606679 0.394577
