0 0.219092 0.610122 0.0856439 0.115402 0.897057
0 0.0962923 0.619455 0.10768 0.1193 0.866696
0 0.679722 0.498203 0.0435954 0.0676573 0.833399
0 0.437988 0.725384 0.104125 0.153047 0.818255
0 0.320288 0.595977 0.0731455 0.109422 0.815462
0 0.427612 0.474752 0.0478313 0.0717629 0.791115
0 0.1025 0.8941 0.191084 0.211801 0.780015
0 0.611377 0.442019 0.043211 0.0772303 0.754336
0 0.328838 0.506803 0.0530621 0.0649679 0.704974
0 0.586841 0.376056 0.0243237 0.0338497 0.689479
0 0.279767 0.477935 0.0546708 0.0752611 0.641782
0 0.333407 0.513011 0.0623671 0.0799475 0.469824
0 0.498858 0.408092 0.0320429 0.0422248 0.464535
0 0.481681 0.37629 0.0239143 0.0333331 0.359902
0 0.442141 0.407102 0.0330865 0.0377616 0.280173
