0 0.466564 0.636677 0.080982 0.108816 0.871837
0 0.208257 0.611891 0.109702 0.13158 0.866842
0 0.59269 0.705178 0.0739674 0.130423 0.866081
0 0.312639 0.524957 0.0635233 0.0755821 0.842138
0 0.441658 0.476481 0.0435818 0.056889 0.770808
0 0.253298 0.502516 0.0615626 0.0797632 0.751655
0 0.0954976 0.592208 0.114313 0.151978 0.70876
0 0.09061 0.888788 0.178882 0.221951 0.638767
0 0.616074 0.40288 0.0583067 0.123511 0.554627
0 0.417243 0.43134 0.0409445 0.0501774 0.551827
0 0.330212 0.599362 0.0576474 0.100547 0.540413
0 0.474058 0.43285 0.0341225 0.0440908 0.519771
0 0.392675 0.531835 0.0396004 0.0830608 0.506584
0 0.169751 0.532868 0.102522 0.12191 0.315852
0 0.451656 0.398339 0.0303467 0.0454201 0.303449
0 0.657484 0.340647 0.0204514 0.029901 0.27414
0 0.600116 0.340074 0.0193089 0.0269917 0.255652
