0 0.815639 0.633617 0.109153 0.122254 0.891945
0 0.83473 0.57486 0.0988413 0.101771 0.860568
0 0.847256 0.804525 0.168742 0.22572 0.82917
0 0.663417 0.581248 0.0718348 0.098559 0.824352
0 0.400612 0.495597 0.0434766 0.0641907 0.814654
0 0.715665 0.550939 0.0683656 0.0846147 0.805365
0 0.590986 0.434675 0.0410152 0.0546814 0.7499
0 0.708378 0.481719 0.0642927 0.0733081 0.737484
0 0.431423 0.408487 0.0319994 0.0492018 0.711471
0 0.522752 0.434608 0.0416932 0.056086 0.672981
0 0.383806 0.389841 0.0270307 0.0429955 0.555111
0 0.343496 0.395436 0.0250547 0.0339171 0.538956
0 0.560746 0.412939 0.0301625 0.0448051 0.28461
