0 0.0462642 0.79217 0.0923373 0.171608 0.851452
0 0.521051 0.533136 0.0542861 0.0818596 0.850233
0 0.466791 0.445594 0.0458075 0.0627596 0.789477
0 0.55777 0.432919 0.0338606 0.0477322 0.786582
0 0.753759 0.794319 0.156337 0.222249 0.785329
0 0.336733 0.504739 0.0332715 0.0653038 0.744569
0 0.0982319 0.600753 0.171516 0.180825 0.736796
0 0.253681 0.595484 0.0905972 0.101055 0.73647
0 0.39316 0.448178 0.0419662 0.0584835 0.730523
0 0.616871 0.417574 0.0275885 0.0398152 0.677388
0 0.098184 0.631822 0.17644 0.127358 0.640276
0 0.336287 0.585643 0.0352435 0.0881187 0.622432
0 0.0748795 0.912937 0.149759 0.174126 0.613831
0 0.336281 0.603503 0.0356629 0.0533275 0.600498
0 0.352896 0.584371 0.0685404 0.0941917 0.569211
0 0.585175 0.38476 0.0242117 0.0344373 0.562165
0 0.493937 0.404147 0.0244974 0.034506 0.533778
0 0.426098 0.387687 0.0303869 0.0415172 0.415629
0 0.339942 0.592704 0.0436672 0.076714 0.336416
0 0.468438 0.388 0.0264647 0.0327821 0.30991
0 0.624509 0.367853 0.0192032 0.0279926 0.295812
0 0.60156 0.338812 0.0176085 0.0275163 0.251329
