0 0.0684892 0.749697 0.136902 0.185752 0.882072
0 0.237303 0.50198 0.116627 0.115076 0.86448
0 0.551677 0.842851 0.106759 0.183003 0.853614
0 0.610093 0.446317 0.0323038 0.0525867 0.834929
0 0.535353 0.492844 0.0467583 0.0705149 0.814511
0 0.425861 0.483882 0.0515615 0.0795616 0.769122
0 0.336723 0.509449 0.0317807 0.0426445 0.759254
0 0.414902 0.433739 0.0430486 0.0569729 0.723062
0 0.337921 0.493165 0.0336617 0.0750074 0.721165
0 0.315334 0.617534 0.0848842 0.122264 0.71293
0 0.496326 0.40808 0.0310246 0.0434763 0.706664
0 0.576776 0.383957 0.0262028 0.0382544 0.669198
0 0.0841679 0.898091 0.168172 0.202847 0.668917
0 0.450165 0.405958 0.02911 0.0417398 0.658969
0 0.682108 0.541791 0.0707413 0.0642125 0.552142
0 0.238292 0.590347 0.0903274 0.104786 0.550468
0 0.435657 0.377646 0.0264252 0.0347525 0.513005
0 0.23924 0.606868 0.0944028 0.072093 0.396781
0 0.34596 0.492597 0.0473416 0.0782299 0.379505
0 0.600296 0.337602 0.0176859 0.0245339 0.263339
