0 0.837676 0.566155 0.122171 0.131314 0.913984
0 0.858708 0.681647 0.115412 0.129554 0.884907
0 0.394666 0.499559 0.0458342 0.0752774 0.865978
0 0.78892 0.744586 0.113731 0.149715 0.858831
0 0.33463 0.428744 0.0332028 0.0525802 0.780899
0 0.674845 0.485367 0.0639116 0.130224 0.778614
0 0.663819 0.603631 0.0719873 0.0946733 0.75048
0 0.559906 0.473321 0.0421692 0.0619582 0.746916
0 0.502149 0.405728 0.0317881 0.0454829 0.693251
0 0.419272 0.385991 0.0243025 0.0326604 0.684047
0 0.599379 0.451646 0.0531727 0.0698854 0.600365
0 0.640541 0.897215 0.158965 0.20557 0.492567
0 0.376019 0.362219 0.0230481 0.0311934 0.469208
0 0.518409 0.37632 0.0245976 0.0345754 0.42638
0 0.724133 0.498633 0.0374214 0.0614378 0.30761
0 0.485707 0.383734 0.0212835 0.0325091 0.262519
