0 0.185434 0.636504 0.109973 0.117769 0.913216
0 0.163274 0.574872 0.100463 0.104724 0.904868
0 0.151049 0.809494 0.170852 0.227464 0.881676
0 0.599759 0.495712 0.041497 0.0627625 0.824663
0 0.33749 0.581839 0.0744616 0.0989705 0.769271
0 0.283165 0.551914 0.0690653 0.0866489 0.764089
0 0.290537 0.480081 0.0624887 0.0690583 0.76046
0 0.568729 0.408929 0.0337313 0.0484283 0.716013
0 0.47714 0.433162 0.0415867 0.0563237 0.673764
0 0.408127 0.434621 0.0399607 0.0548252 0.644703
0 0.616413 0.391564 0.0277559 0.0374495 0.454613
0 0.657919 0.395441 0.0245607 0.034979 0.453146
0 0.588576 0.355354 0.0196859 0.0299945 0.379679
