0 0.820291 0.638692 0.116245 0.122769 0.897249
0 0.471256 0.529175 0.0503433 0.0737095 0.88733
0 0.694318 0.531129 0.0706157 0.095113 0.869257
0 0.708351 0.474774 0.0578977 0.06814 0.833652
0 0.573072 0.490987 0.049593 0.0776037 0.815931
0 0.32352 0.449939 0.0333782 0.0531218 0.807814
0 0.391374 0.433112 0.03765 0.0542395 0.795367
0 0.426736 0.402547 0.0311065 0.0425728 0.789253
0 0.66691 0.594247 0.0649932 0.100938 0.758311
0 0.84417 0.585851 0.0900525 0.0958537 0.702308
0 0.520539 0.423696 0.0275248 0.0394619 0.663211
0 0.381719 0.387847 0.0255006 0.0385236 0.638268
0 0.551161 0.406539 0.0298244 0.0455936 0.602979
0 0.923199 0.882341 0.153601 0.235318 0.563008
0 0.492062 0.394504 0.027086 0.0365023 0.561919
0 0.336783 0.393698 0.0249757 0.0373528 0.54849
0 0.611377 0.460558 0.0369819 0.0589432 0.528316
0 0.565377 0.377717 0.0372738 0.0493134 0.491934
0 0.409839 0.357053 0.0248136 0.0427847 0.471528
0 0.471879 0.36648 0.0259838 0.0430331 0.454493
