0 0.226781 0.520673 0.0943921 0.113267 0.836038
0 0.138713 0.799218 0.173142 0.225619 0.835498
0 0.319546 0.605729 0.100719 0.125606 0.832024
0 0.417807 0.496327 0.0490436 0.0704706 0.825915
0 0.447903 0.748103 0.0978378 0.141759 0.818679
0 0.123032 0.599296 0.117127 0.12486 0.814848
0 0.606167 0.455968 0.0376217 0.0530735 0.794339
0 0.453441 0.457053 0.0407037 0.0566626 0.749446
0 0.107305 0.729 0.211662 0.155267 0.74941
0 0.077689 0.730776 0.150424 0.154033 0.739178
0 0.299249 0.548203 0.0691075 0.0858761 0.700255
0 0.501957 0.398282 0.0306355 0.0414824 0.691712
0 0.397886 0.448916 0.0481885 0.0612685 0.632145
0 0.430585 0.41357 0.0283831 0.0401043 0.625136
0 0.304913 0.479545 0.0555706 0.0573919 0.598449
0 0.0235177 0.677653 0.0470353 0.11055 0.549032
0 0.655774 0.345817 0.0196182 0.0288083 0.409114
0 0.526563 0.370136 0.0200022 0.0300999 0.38152
0 0.482002 0.373615 0.024646 0.030067 0.294171
