0 0.238972 0.723271 0.117036 0.140951 0.88391
0 0.440657 0.729223 0.101678 0.142568 0.878456
0 0.56052 0.755029 0.109274 0.202466 0.856283
0 0.603212 0.529579 0.0458002 0.0720078 0.840946
0 0.230511 0.597598 0.0878653 0.104499 0.808891
0 0.672396 0.462059 0.0399036 0.0558126 0.799038
0 0.444534 0.462183 0.0460161 0.0726521 0.78987
0 0.561636 0.427988 0.0327572 0.0557044 0.789282
0 0.620525 0.409216 0.0320849 0.0506815 0.736669
0 0.0203042 0.692633 0.0400384 0.138812 0.602717
0 0.414583 0.4342 0.0368184 0.0581598 0.59737
0 0.246984 0.510972 0.0731651 0.0658672 0.577863
0 0.49639 0.400577 0.0310747 0.0379689 0.538707
0 0.378348 0.53981 0.0732549 0.106487 0.521782
0 0.659507 0.376535 0.0233324 0.0316669 0.468342
0 0.339741 0.503638 0.0273061 0.0400507 0.44024
