0 0.200991 0.636539 0.100734 0.120351 0.887693
0 0.534104 0.510514 0.0503083 0.0675678 0.812079
0 0.580339 0.59443 0.0615532 0.0991472 0.804664
0 0.291252 0.642392 0.0862303 0.118515 0.786921
0 0.187338 0.544051 0.122295 0.13749 0.782993
0 0.315604 0.517528 0.0736988 0.0938148 0.777645
0 0.421127 0.505204 0.0532265 0.071291 0.776491
0 0.0387983 0.686451 0.0775967 0.134728 0.731809
0 0.462306 0.448432 0.0388051 0.0478749 0.718847
0 0.575567 0.398408 0.0271069 0.0389563 0.712563
0 0.642064 0.389188 0.0238953 0.0327949 0.687459
0 0.29273 0.480805 0.0569952 0.063267 0.644815
0 0.704521 0.511789 0.0950932 0.273617 0.624512
0 0.39323 0.461661 0.0426866 0.0581447 0.56588
0 0.490063 0.41099 0.0313327 0.0433055 0.553053
0 0.489014 0.878432 0.159332 0.232246 0.53869
0 0.413524 0.510556 0.0380013 0.0605461 0.40437
0 0.45748 0.399737 0.0267975 0.0369156 0.402867
0 0.512093 0.385977 0.0227804 0.0317196 0.380598
0 0.410869 0.517495 0.0322544 0.0451034 0.349682
