0 0.274851 0.390199 0.0753256 0.123781 0.919804
0 0.841039 0.297675 0.0971203 0.22798 0.915858
0 0.714393 0.357575 0.0687751 0.0935698 0.906213
0 0.938675 0.233001 0.0989931 0.250702 0.901553
0 0.660293 0.71279 0.113844 0.156474 0.894271
0 0.259597 0.271046 0.0597965 0.0835438 0.892413
0 0.683872 0.276151 0.057313 0.0755167 0.891474
0 0.318667 0.150346 0.0415721 0.0589469 0.887471
0 0.652917 0.233193 0.0512763 0.0657888 0.887153
0 0.776866 0.397818 0.0750967 0.0985618 0.882414
0 0.750569 0.233527 0.0495204 0.0739498 0.880824
0 0.21745 0.108549 0.038048 0.0549744 0.87415
0 0.900684 0.468541 0.0869038 0.156995 0.866126
0 0.70525 0.204054 0.0442451 0.0651047 0.865673
0 0.562284 0.11785 0.0368086 0.0580656 0.863029
0 0.481397 0.0894391 0.0365244 0.0487016 0.837759
0 0.291578 0.116628 0.0380541 0.0547475 0.832838
0 0.673998 0.174982 0.043338 0.0638103 0.78542
0 0.216018 0.0625421 0.0353622 0.061205 0.780416
0 0.266966 0.218409 0.0494957 0.0730086 0.742064
0 0.471372 0.0632823 0.0360961 0.0487827 0.616568
0 0.140935 0.0316551 0.045719 0.0633102 0.561445
0 0.337433 0.0497982 0.0359264 0.0569661 0.471234
0 0.664422 0.71306 0.117134 0.168197 0.91732
0 0.713839 0.359142 0.0664875 0.0921881 0.910388
0 0.94183 0.22894 0.10908 0.245672 0.909488
0 0.900596 0.466121 0.0868435 0.159525 0.900998
0 0.684693 0.277506 0.0573502 0.0790802 0.899686
0 0.27701 0.387646 0.0774693 0.116178 0.887508
0 0.777886 0.397813 0.0721473 0.1036 0.886972
0 0.843611 0.301505 0.0940377 0.230827 0.886034
0 0.217096 0.109482 0.036247 0.0559586 0.884695
0 0.706222 0.205325 0.0422346 0.0655622 0.87819
0 0.750692 0.232179 0.0483356 0.0754111 0.877092
0 0.673984 0.175432 0.0435341 0.0623173 0.866053
0 0.216545 0.0632685 0.0369242 0.0552149 0.864362
0 0.319189 0.15067 0.0414987 0.0538863 0.863274
0 0.649664 0.233988 0.0483851 0.063897 0.860113
0 0.292304 0.114962 0.0371528 0.0547457 0.851146
0 0.262459 0.268982 0.0574794 0.0773202 0.829261
0 0.48295 0.0900635 0.0333403 0.0414581 0.808884
0 0.268919 0.216749 0.0493629 0.0670735 0.743294
0 0.266284 0.0265666 0.0301713 0.0432155 0.662895
0 0.337111 0.0499099 0.0328145 0.0524703 0.639306
0 0.148895 0.0307571 0.0294301 0.0574456 0.512967
