0 0.369786 0.199765 0.0489492 0.0739223 0.924994
0 0.129383 0.460326 0.0748488 0.115536 0.920035
0 0.251901 0.202824 0.0717225 0.112322 0.915021
0 0.619122 0.355496 0.0758861 0.097622 0.911232
0 0.1546 0.769144 0.120739 0.177342 0.903707
0 0.64631 0.211801 0.0512539 0.0738953 0.902991
0 0.340655 0.242844 0.0531039 0.0678161 0.898751
0 0.457734 0.896497 0.150618 0.199426 0.898593
0 0.077658 0.30812 0.0594435 0.0780221 0.895483
0 0.13862 0.222479 0.0776938 0.122369 0.894804
0 0.555855 0.20328 0.0552675 0.0994768 0.887719
0 0.28334 0.483288 0.0848596 0.108508 0.885455
0 0.287812 0.288674 0.0590629 0.0805005 0.88349
0 0.0229505 0.362776 0.0459009 0.091724 0.880952
0 0.14234 0.379676 0.0741563 0.10362 0.878326
0 0.219252 0.25734 0.0585652 0.0795955 0.877161
0 0.763736 0.277264 0.0763839 0.168857 0.876868
0 0.415843 0.168988 0.0443895 0.059068 0.867969
0 0.10888 0.559927 0.0914289 0.133356 0.867476
0 0.266187 0.406116 0.070229 0.0986965 0.862874
0 0.660178 0.151703 0.0387859 0.0581354 0.859719
0 0.590879 0.262354 0.0526274 0.0950992 0.856565
0 0.34747 0.162079 0.042682 0.0542882 0.852412
0 0.50977 0.112902 0.0350201 0.0523009 0.846149
0 0.474824 0.0507755 0.0764036 0.100602 0.843373
0 0.710121 0.110358 0.0360523 0.0558625 0.80819
0 0.598735 0.143882 0.0449228 0.0600127 0.80715
0 0.798712 0.0979042 0.0342132 0.0510766 0.78497
0 0.850002 0.071643 0.0317608 0.0456527 0.777492
0 0.574135 0.0450114 0.0611446 0.0900228 0.693864
0 0.565338 0.0435802 0.0432444 0.0871604 0.550181
0 0.00553128 0.51556 0.0110626 0.10488 0.290665
0 0.251715 0.197256 0.0728664 0.109739 0.922032
0 0.455665 0.895336 0.157951 0.207448 0.917654
0 0.154654 0.765562 0.129006 0.181316 0.908176
0 0.263396 0.405059 0.0727623 0.104668 0.899459
0 0.107514 0.556922 0.0974461 0.135565 0.898038
0 0.137911 0.221779 0.0757915 0.129368 0.896579
0 0.760877 0.27994 0.079814 0.159 0.894766
0 0.219773 0.260417 0.0552229 0.0817892 0.892666
0 0.370209 0.198545 0.0466551 0.0710594 0.887375
0 0.64629 0.21115 0.0480333 0.068072 0.886819
0 0.341416 0.245329 0.0503975 0.0701876 0.883714
0 0.287264 0.28995 0.0590551 0.0825892 0.882294
0 0.551679 0.211099 0.0461573 0.0772751 0.880973
0 0.141161 0.377405 0.0744043 0.100223 0.880257
0 0.0775117 0.310995 0.0597592 0.0815835 0.878474
0 0.282492 0.486453 0.0916269 0.113748 0.873583
0 0.0226292 0.36349 0.0452217 0.0960883 0.870559
0 0.661105 0.149638 0.0344534 0.0525534 0.869026
0 0.757715 0.0862945 0.0639463 0.166726 0.868709
0 0.128399 0.45812 0.0816835 0.11606 0.866325
0 0.588718 0.262604 0.0500564 0.084646 0.858472
0 0.620542 0.337572 0.0738309 0.122334 0.847811
0 0.709712 0.109706 0.0326717 0.0540126 0.776626
0 0.414925 0.172058 0.0391661 0.0528201 0.729911
0 0.509651 0.113384 0.0328857 0.0478765 0.648105
0 0.34704 0.161111 0.0462789 0.0538206 0.607162
