0 0.0491771 0.345704 0.066827 0.100774 0.917495
0 0.253189 0.154767 0.068724 0.101724 0.909929
0 0.057016 0.726534 0.112515 0.161577 0.90838
0 0.21956 0.257438 0.0569709 0.0823698 0.908153
0 0.744578 0.450124 0.0881272 0.132399 0.907647
0 0.581167 0.362985 0.0760014 0.117907 0.906418
0 0.158126 0.915304 0.146284 0.168756 0.906182
0 0.128107 0.467288 0.0796831 0.116553 0.905176
0 0.532762 0.241584 0.054054 0.0719438 0.901083
0 0.128797 0.251772 0.0515299 0.0722647 0.899103
0 0.295742 0.294664 0.059268 0.0793427 0.894827
0 0.184216 0.303915 0.0562635 0.0838551 0.892283
0 0.437112 0.843757 0.135246 0.18706 0.890862
0 0.671023 0.32585 0.0689482 0.0977946 0.890049
0 0.269139 0.447748 0.0799156 0.112156 0.886605
0 0.185252 0.219272 0.0471811 0.0655191 0.88401
0 0.64699 0.235612 0.04874 0.0758604 0.882952
0 0.116214 0.65327 0.106645 0.143943 0.881366
0 0.157363 0.361258 0.064815 0.0968999 0.874792
0 0.965619 0.647815 0.0687626 0.168102 0.873872
0 0.352 0.138874 0.0614272 0.107959 0.869393
0 0.386927 0.18347 0.0458606 0.0596984 0.865981
0 0.880258 0.327083 0.120979 0.270985 0.861713
0 0.735081 0.138624 0.0711464 0.199497 0.861058
0 0.318189 0.251503 0.0497809 0.0698095 0.849185
0 0.538974 0.313824 0.0634974 0.0918737 0.846763
0 0.330423 0.173076 0.0492989 0.0651931 0.844586
0 0.648796 0.174218 0.044665 0.063493 0.843821
0 0.601808 0.140304 0.0389805 0.0661299 0.83776
0 0.444773 0.150183 0.0442881 0.0574725 0.807281
0 0.667167 0.149362 0.041481 0.0616401 0.750605
0 0.976294 0.449041 0.0474123 0.23382 0.746951
0 0.78482 0.113351 0.0401266 0.0519676 0.723631
0 0.637832 0.114488 0.0407217 0.0555386 0.713767
0 0.593727 0.0344756 0.0684773 0.0689513 0.69607
0 0.815255 0.0876363 0.0385534 0.0508424 0.692595
0 0.0071971 0.454934 0.0143942 0.102654 0.646108
0 0.541778 0.098679 0.0389249 0.0454673 0.606229
0 0.477974 0.120001 0.0465841 0.0610349 0.56739
0 0.837791 0.0658431 0.0377258 0.0595132 0.292792
0 0.580833 0.364902 0.0731038 0.109178 0.918768
0 0.743458 0.448514 0.0868683 0.135904 0.918162
0 0.155736 0.914612 0.151857 0.170776 0.914051
0 0.0571163 0.730199 0.113235 0.168372 0.913878
0 0.185179 0.303233 0.0524424 0.0842608 0.907683
0 0.0486811 0.346925 0.0666497 0.104611 0.90696
0 0.67191 0.324264 0.0636675 0.0964355 0.906886
0 0.433806 0.844659 0.139807 0.202952 0.906256
0 0.532808 0.242086 0.0546526 0.0724031 0.900216
0 0.155798 0.361456 0.0652362 0.0939235 0.898809
0 0.11794 0.650293 0.111193 0.147337 0.898654
0 0.645181 0.235619 0.0439707 0.0702302 0.895586
0 0.733979 0.135269 0.0701385 0.20917 0.895361
0 0.22169 0.258502 0.0513752 0.079272 0.891422
0 0.25258 0.154894 0.0667725 0.111714 0.891234
0 0.387483 0.184743 0.0485294 0.0631257 0.886879
0 0.329573 0.174311 0.0457255 0.0669791 0.880732
0 0.126949 0.465833 0.0825324 0.115128 0.879145
0 0.534888 0.31424 0.0576982 0.0919304 0.876925
0 0.966409 0.646113 0.067182 0.16521 0.875077
0 0.127191 0.251744 0.0507861 0.0772034 0.872163
0 0.268019 0.446664 0.0822487 0.116955 0.871427
0 0.350745 0.130311 0.057167 0.0942493 0.871222
0 0.296498 0.296585 0.0586113 0.0773211 0.869627
0 0.318579 0.251902 0.0512156 0.0725873 0.861737
0 0.650009 0.173186 0.0439285 0.0573829 0.843567
0 0.601776 0.138207 0.0345639 0.0645294 0.841787
0 0.541317 0.0989053 0.0319912 0.0436867 0.819354
0 0.183862 0.215925 0.0418324 0.0621788 0.806106
0 0.879698 0.358824 0.124857 0.192395 0.719521
0 0.00768393 0.456614 0.0153679 0.107578 0.619813
0 0.97854 0.455599 0.0429198 0.255565 0.583188
0 0.479054 0.122425 0.0378326 0.053852 0.553405
0 0.665645 0.147963 0.0444036 0.0549595 0.457292
0 0.635904 0.113288 0.035067 0.0524423 0.328819
