0 0.707649 0.366369 0.0724272 0.100597 0.934315
0 0.226063 0.124062 0.0893761 0.181172 0.930111
0 0.653725 0.279619 0.0597122 0.084406 0.91554
0 0.325805 0.617892 0.11027 0.160589 0.911953
0 0.955887 0.465722 0.0871731 0.137271 0.910799
0 0.119913 0.69348 0.116386 0.16607 0.910022
0 0.310148 0.146709 0.078425 0.152522 0.907866
0 0.13141 0.525506 0.12728 0.217739 0.907136
0 0.438632 0.857074 0.138192 0.178362 0.903075
0 0.244387 0.230011 0.0513606 0.0969576 0.90053
0 0.280263 0.498848 0.0804236 0.106935 0.889145
0 0.782907 0.0687383 0.0563696 0.126623 0.88522
0 0.45106 0.107917 0.0378792 0.0570849 0.883367
0 0.735874 0.241639 0.0564859 0.0793494 0.882632
0 0.288178 0.304498 0.0591531 0.0872841 0.88015
0 0.390987 0.189247 0.0464757 0.0615983 0.876663
0 0.71343 0.0937518 0.0455614 0.102725 0.874446
0 0.649937 0.185087 0.0495754 0.0775666 0.872748
0 0.652379 0.105014 0.0421733 0.0764111 0.843959
0 0.50481 0.117695 0.0378376 0.0505496 0.842013
0 0.420692 0.158724 0.0457719 0.059741 0.841985
0 0.549774 0.0958332 0.0389388 0.0455154 0.827372
0 0.509378 0.0837775 0.0290388 0.0350005 0.437855
0 0.550183 0.991222 0.143444 0.0175563 0.430819
0 0.433774 0.858812 0.151242 0.195578 0.907266
0 0.226902 0.122293 0.088554 0.179486 0.901825
0 0.955995 0.463523 0.0867249 0.125652 0.900137
0 0.705989 0.364196 0.0752747 0.0976032 0.899583
0 0.117141 0.690757 0.123915 0.182113 0.89445
0 0.735356 0.239277 0.0553263 0.0770597 0.893143
0 0.309457 0.144418 0.0756486 0.151325 0.892609
0 0.326489 0.625005 0.111212 0.177361 0.891738
0 0.651619 0.110628 0.0396893 0.0602816 0.888243
0 0.713549 0.0963822 0.0441782 0.0981498 0.887758
0 0.243899 0.23186 0.0527706 0.100874 0.886428
0 0.652123 0.279071 0.0620909 0.0857697 0.884094
0 0.131679 0.531397 0.128192 0.214881 0.883547
0 0.288269 0.303208 0.0585476 0.0831923 0.872382
0 0.282328 0.495669 0.0773213 0.113828 0.871731
0 0.649577 0.183024 0.0514168 0.0717535 0.867532
0 0.389397 0.193021 0.0429291 0.0637496 0.86552
0 0.783892 0.06769 0.0571398 0.132464 0.845137
0 0.549409 0.0957398 0.0328346 0.0393919 0.743956
0 0.421777 0.162162 0.0450876 0.0525873 0.593325
0 0.549531 0.98927 0.167501 0.0208292 0.492575
0 0.677044 0.0332679 0.0342875 0.0468962 0.425251
0 0.578805 0.989534 0.25417 0.0209327 0.256085
