0 0.657972 0.167197 0.0466566 0.0731674 0.925447
0 0.679515 0.326167 0.0674719 0.093657 0.923367
0 0.290652 0.563237 0.0882376 0.12083 0.918459
0 0.895797 0.419083 0.0808319 0.125526 0.916834
0 0.132256 0.588564 0.134688 0.245705 0.912656
0 0.647818 0.251166 0.0549532 0.0787768 0.910778
0 0.203881 0.135082 0.0892602 0.184235 0.909506
0 0.796116 0.0639939 0.0536602 0.109635 0.907061
0 0.361591 0.712742 0.126734 0.183871 0.904473
0 0.138215 0.781728 0.131781 0.187138 0.898734
0 0.222074 0.251208 0.0557004 0.104038 0.895297
0 0.72528 0.083374 0.0434732 0.0971975 0.894108
0 0.732038 0.218393 0.0512619 0.0761872 0.890553
0 0.274983 0.333124 0.0632669 0.0933149 0.888129
0 0.28851 0.162564 0.0767884 0.15651 0.886854
0 0.369446 0.20878 0.0505165 0.0643627 0.881669
0 0.393225 0.176829 0.0407075 0.0610425 0.868162
0 0.536876 0.956541 0.164642 0.0869175 0.865179
0 0.673174 0.0952805 0.0394451 0.0657222 0.861684
0 0.520148 0.111667 0.0390059 0.0473853 0.757604
0 0.423523 0.118946 0.0340681 0.0566041 0.704631
0 0.111489 0.466317 0.088211 0.0911139 0.607922
0 0.478588 0.134623 0.0404348 0.0491903 0.47731
0 0.678996 0.325187 0.068535 0.0870996 0.929562
0 0.20466 0.134665 0.0890328 0.187002 0.902811
0 0.731737 0.216918 0.0488472 0.0754374 0.902604
0 0.133543 0.782674 0.140729 0.199511 0.900746
0 0.288567 0.155821 0.0766724 0.154558 0.900247
0 0.364308 0.71619 0.125439 0.201091 0.895677
0 0.13366 0.595697 0.135493 0.247248 0.893503
0 0.369124 0.211118 0.0473206 0.0642965 0.891806
0 0.657088 0.165801 0.0491794 0.0669258 0.891649
0 0.221189 0.251481 0.0572161 0.106682 0.890689
0 0.724093 0.0844683 0.0450027 0.0981011 0.889743
0 0.532846 0.955505 0.172452 0.0889908 0.889479
0 0.895331 0.417167 0.0818575 0.110659 0.888273
0 0.647371 0.250288 0.0572018 0.076914 0.883096
0 0.796155 0.0658438 0.054536 0.11693 0.882232
0 0.273238 0.331489 0.0598281 0.0878182 0.877174
0 0.294004 0.560884 0.0810764 0.120344 0.876221
0 0.673314 0.101121 0.0379458 0.0534876 0.872304
0 0.395744 0.176429 0.0462885 0.0567916 0.84536
0 0.520177 0.109979 0.0358546 0.0453786 0.817754
0 0.642386 0.0447463 0.0314439 0.0453269 0.784137
0 0.738069 0.0239177 0.0282454 0.0432147 0.55781
