0 0.211043 0.322549 0.069393 0.0939454 0.919746
0 0.284093 0.367136 0.0750654 0.101878 0.918557
0 0.201652 0.461469 0.0904104 0.124371 0.913044
0 0.693836 0.263245 0.0571091 0.0771846 0.90775
0 0.196891 0.634627 0.120704 0.17714 0.901158
0 0.379566 0.436871 0.0826343 0.125319 0.8987
0 0.645312 0.213126 0.0523344 0.0776977 0.898023
0 0.242556 0.264785 0.0636742 0.100274 0.886645
0 0.339836 0.29998 0.0632021 0.0866772 0.885978
0 0.133095 0.387438 0.075343 0.108565 0.885016
0 0.806387 0.280358 0.0591256 0.0834793 0.88289
0 0.742732 0.226702 0.0525951 0.0684551 0.874475
0 0.760807 0.176996 0.0476264 0.0677486 0.871672
0 0.688268 0.184034 0.0448751 0.0606224 0.869822
0 0.628722 0.115072 0.0365057 0.0585729 0.857968
0 0.610021 0.186079 0.0447884 0.0647286 0.846145
0 0.47351 0.293628 0.0530182 0.0869077 0.845369
0 0.355124 0.180078 0.0422532 0.0620202 0.832733
0 0.361036 0.253629 0.0581556 0.087638 0.829334
0 0.708101 0.150235 0.0416512 0.0603334 0.829201
0 0.25618 0.13328 0.0582091 0.13505 0.826082
0 0.43832 0.372398 0.0625954 0.095795 0.821701
0 0.505045 0.0763343 0.0328072 0.0467913 0.793658
0 0.548779 0.148443 0.0408218 0.059908 0.727766
0 0.220385 0.117896 0.0389452 0.0540528 0.720488
0 0.475779 0.0852199 0.0357244 0.0511178 0.644491
0 0.459085 0.0633931 0.0321642 0.0412824 0.63904
0 0.52573 0.0991678 0.0363986 0.0525029 0.628577
0 0.194842 0.0933583 0.0357128 0.0507082 0.596181
0 0.338764 0.157537 0.0355903 0.0593388 0.482396
0 0.153661 0.0431587 0.0311665 0.0488984 0.304741
0 0.437553 0.314026 0.0610353 0.0721487 0.281216
0 0.199983 0.63337 0.121621 0.170064 0.924211
0 0.285446 0.365682 0.0741978 0.105189 0.910195
0 0.380265 0.435189 0.0814444 0.120259 0.908971
0 0.203851 0.460366 0.0925862 0.122068 0.905185
0 0.243329 0.264192 0.0644743 0.0962408 0.901911
0 0.645992 0.21262 0.0473358 0.0749025 0.900873
0 0.694751 0.264633 0.0545253 0.0813437 0.894213
0 0.210353 0.322825 0.0678915 0.093621 0.891934
0 0.362782 0.253023 0.0591867 0.0853989 0.889574
0 0.340093 0.3009 0.0650733 0.0853327 0.886246
0 0.302192 0.0841226 0.0368011 0.0529029 0.884377
0 0.80808 0.280726 0.0576466 0.078549 0.876546
0 0.763379 0.176987 0.0465773 0.0691416 0.875032
0 0.746009 0.225788 0.0494766 0.0644375 0.872281
0 0.437796 0.350131 0.0605024 0.138079 0.870112
0 0.130483 0.38539 0.0744079 0.100086 0.860579
0 0.60915 0.187511 0.0419168 0.0604311 0.852428
0 0.194298 0.09405 0.0321545 0.0507748 0.850133
0 0.257908 0.129867 0.0551744 0.138185 0.822204
0 0.474258 0.292921 0.0554281 0.084837 0.821677
0 0.354479 0.179354 0.0427954 0.0606387 0.805741
0 0.222361 0.0617001 0.0266606 0.0564135 0.789414
0 0.689884 0.182886 0.0400613 0.0580302 0.778618
0 0.630253 0.118236 0.0349749 0.0584113 0.724244
0 0.155003 0.042755 0.0289056 0.0443873 0.690318
0 0.349143 0.172303 0.0527228 0.0732369 0.644642
0 0.191884 0.53854 0.046717 0.0644549 0.641756
0 0.70934 0.149566 0.0405662 0.0569574 0.526251
0 0.346256 0.154613 0.0495713 0.0556972 0.383781
0 0.662212 0.158328 0.0330206 0.0434791 0.318621
0 0.219146 0.116182 0.0330075 0.0499431 0.315408
