0 0.292548 0.172253 0.0684595 0.104906 0.913122
0 0.186143 0.192471 0.0729362 0.115592 0.910669
0 0.783722 0.251499 0.090142 0.201323 0.90637
0 0.715082 0.436058 0.0926767 0.129622 0.903855
0 0.624011 0.325797 0.0648043 0.101241 0.903305
0 0.0594509 0.311636 0.0580212 0.0818037 0.902393
0 0.378134 0.201866 0.0483892 0.0624961 0.897343
0 0.64617 0.250319 0.0575352 0.0773599 0.896888
0 0.829933 0.33502 0.0912601 0.194719 0.895839
0 0.12052 0.268576 0.0546864 0.0700328 0.893433
0 0.146075 0.386392 0.0674222 0.0981595 0.893191
0 0.329455 0.652484 0.111383 0.145836 0.891087
0 0.128876 0.615498 0.100228 0.148435 0.891044
0 0.169184 0.32086 0.0671749 0.0910217 0.885478
0 0.205884 0.943336 0.15923 0.113073 0.883127
0 0.275717 0.392503 0.0738581 0.0952263 0.881935
0 0.322997 0.23917 0.0528632 0.070891 0.870556
0 0.683909 0.13247 0.0420006 0.0579817 0.861711
0 0.545085 0.255412 0.0639568 0.107929 0.861327
0 0.261346 0.220228 0.0533627 0.0735284 0.860753
0 0.0184743 0.430571 0.0369486 0.118299 0.859279
0 0.564076 0.176748 0.046443 0.0610243 0.858994
0 0.464762 0.138419 0.0412319 0.0551309 0.856851
0 0.645666 0.181217 0.0417995 0.0655218 0.854862
0 0.412356 0.164965 0.0499065 0.0681414 0.843457
0 0.120939 0.466529 0.0771118 0.118201 0.825547
0 0.822795 0.0875347 0.0387569 0.0526777 0.821185
0 0.521765 0.044001 0.0709688 0.0877044 0.819774
0 0.749749 0.103944 0.0806308 0.183287 0.772731
0 0.395213 0.133113 0.0342406 0.0517512 0.764794
0 0.658407 0.0976396 0.0335323 0.0574844 0.655702
0 0.563265 0.0910183 0.0400578 0.0498327 0.527839
0 0.278257 0.331103 0.0593527 0.0791211 0.513042
0 0.625819 0.0355916 0.0603333 0.07108 0.49553
0 0.799949 0.0633413 0.0320738 0.046708 0.375133
0 0.829451 0.333356 0.0912582 0.187145 0.915751
0 0.329289 0.657208 0.11458 0.1694 0.910687
0 0.119365 0.26743 0.0519702 0.076177 0.906185
0 0.624854 0.322894 0.058934 0.0990584 0.902088
0 0.18496 0.191263 0.0719814 0.121909 0.901999
0 0.293671 0.167093 0.0664703 0.101387 0.901218
0 0.274156 0.395457 0.0740544 0.0973885 0.899519
0 0.0588877 0.312962 0.0573517 0.0841951 0.898242
0 0.260836 0.220549 0.0516288 0.077049 0.896472
0 0.647201 0.250042 0.0544479 0.0755171 0.893856
0 0.714992 0.420211 0.0920719 0.155595 0.893479
0 0.322941 0.240741 0.054088 0.0714428 0.89184
0 0.542695 0.26449 0.0600274 0.0891648 0.890324
0 0.208454 0.942689 0.162973 0.111374 0.877076
0 0.12807 0.614273 0.102832 0.148617 0.876203
0 0.378755 0.202421 0.0476687 0.0633841 0.874521
0 0.683668 0.133013 0.037994 0.0563841 0.87088
0 0.746263 0.103543 0.0718105 0.184807 0.870119
0 0.143709 0.385549 0.0713994 0.0970238 0.86859
0 0.119459 0.465571 0.0800231 0.114382 0.866136
0 0.56707 0.177126 0.0501717 0.0609209 0.861684
0 0.169033 0.322103 0.0683591 0.0930891 0.85927
0 0.646125 0.180638 0.0397276 0.0651471 0.843786
0 0.658213 0.0981888 0.0330837 0.0590732 0.843564
0 0.0181952 0.431621 0.0363904 0.121017 0.789789
0 0.276869 0.326908 0.0631954 0.0748681 0.75123
0 0.560092 0.0915611 0.0336769 0.0442281 0.747079
0 0.396094 0.133974 0.0376228 0.0521071 0.631436
0 0.823101 0.0858407 0.0332355 0.0467938 0.619945
0 0.772093 0.260151 0.0719057 0.190917 0.546119
