0 0.753663 0.422311 0.081446 0.11253 0.932092
0 0.630608 0.22778 0.0508463 0.0711718 0.916578
0 0.45596 0.895263 0.164959 0.209473 0.912313
0 0.280954 0.325307 0.062607 0.0887585 0.911428
0 0.158074 0.36525 0.0658875 0.0967497 0.909733
0 0.669299 0.306383 0.0570004 0.0928485 0.905492
0 0.734968 0.526323 0.110956 0.164438 0.904417
0 0.539971 0.329528 0.0681319 0.0897344 0.904405
0 0.617336 0.447457 0.0860788 0.12068 0.896557
0 0.642987 0.194171 0.0505287 0.0688935 0.88956
0 0.0322381 0.35989 0.0641511 0.0966614 0.889536
0 0.0980781 0.28216 0.0574775 0.0905401 0.889531
0 0.55656 0.190961 0.0442348 0.0719535 0.889261
0 0.237929 0.242925 0.0485106 0.0746887 0.888666
0 0.276956 0.204862 0.0512151 0.0732456 0.887827
0 0.315802 0.122461 0.0642551 0.0942174 0.883125
0 0.116261 0.711503 0.110175 0.153648 0.880086
0 0.0996914 0.628423 0.100342 0.142108 0.876735
0 0.0831802 0.523529 0.0866744 0.116064 0.875771
0 0.19875 0.203749 0.0476793 0.063674 0.875115
0 0.746807 0.176614 0.0920992 0.238353 0.872929
0 0.202902 0.285587 0.0554512 0.0828788 0.8723
0 0.114651 0.470801 0.0834936 0.107027 0.865632
0 0.339161 0.226135 0.0526446 0.0665587 0.86199
0 0.375285 0.192933 0.0463394 0.0637442 0.840704
0 0.657654 0.146674 0.0418349 0.0558281 0.83565
0 0.247093 0.177502 0.0386292 0.0543125 0.825824
0 0.797799 0.0911766 0.0395774 0.0613151 0.817821
0 0.463068 0.134745 0.0419975 0.0562592 0.806198
0 0.402678 0.110853 0.0563034 0.104554 0.724563
0 0.622915 0.121985 0.0417962 0.0630327 0.723075
0 0.585976 0.154299 0.0419754 0.0624385 0.696294
0 0.987964 0.661924 0.0240625 0.203917 0.618311
0 0.302943 0.549618 0.0900773 0.12746 0.609262
0 0.557205 0.0818311 0.0415144 0.0608353 0.387217
0 0.455043 0.893717 0.164092 0.212566 0.923267
0 0.735872 0.528324 0.108086 0.166871 0.922622
0 0.280529 0.325098 0.0647318 0.0903042 0.914742
0 0.116392 0.713655 0.120164 0.161469 0.898848
0 0.156472 0.364715 0.0680835 0.094929 0.896048
0 0.315914 0.122641 0.0641156 0.100567 0.893676
0 0.238562 0.244164 0.0463153 0.0712618 0.893161
0 0.616387 0.445855 0.0858366 0.116621 0.892581
0 0.196225 0.203006 0.0446964 0.0657766 0.892271
0 0.5554 0.191519 0.0448091 0.0701448 0.891701
0 0.539205 0.329287 0.0665116 0.0881898 0.889641
0 0.669336 0.305356 0.0543243 0.0852973 0.889095
0 0.746881 0.175416 0.0883247 0.246785 0.88863
0 0.0327486 0.361133 0.0648344 0.0979202 0.888201
0 0.754427 0.424332 0.0818066 0.117048 0.884787
0 0.201686 0.284711 0.05378 0.0775664 0.884462
0 0.304349 0.549546 0.0949283 0.144053 0.884345
0 0.0783067 0.523443 0.0936923 0.121295 0.8817
0 0.338581 0.226553 0.0490091 0.0685438 0.87804
0 0.116111 0.472156 0.0824212 0.108592 0.875713
0 0.63146 0.227764 0.0504536 0.0732258 0.874858
0 0.097199 0.282527 0.0593329 0.0938036 0.874396
0 0.797545 0.0894545 0.0377176 0.0642561 0.872451
0 0.278628 0.204952 0.0457409 0.0699227 0.863607
0 0.62383 0.121933 0.0366817 0.0639577 0.848512
0 0.583622 0.150649 0.0401398 0.0604081 0.834028
0 0.102087 0.62417 0.11804 0.134978 0.805323
0 0.376687 0.193253 0.0455114 0.0615584 0.784538
0 0.986885 0.660022 0.0262301 0.173811 0.716161
0 0.247154 0.17741 0.0340996 0.0505625 0.644791
0 0.641798 0.192851 0.0501389 0.0596262 0.613423
