0 0.658061 0.279805 0.0652612 0.0877513 0.9197
0 0.921443 0.595312 0.119455 0.158441 0.914065
0 0.687121 0.352076 0.0749647 0.102263 0.913967
0 0.845052 0.505881 0.101507 0.134462 0.9121
0 0.75308 0.254686 0.0608079 0.0815125 0.910889
0 0.303229 0.278661 0.0594813 0.0891504 0.906504
0 0.141975 0.35688 0.0714032 0.100934 0.904043
0 0.879537 0.394639 0.0811379 0.116154 0.903819
0 0.546969 0.319028 0.0696991 0.100883 0.903223
0 0.266751 0.351171 0.0692937 0.0930977 0.900474
0 0.611829 0.421111 0.0814072 0.139209 0.89858
0 0.792363 0.309092 0.0653269 0.0938916 0.898012
0 0.377237 0.199657 0.0498136 0.0684741 0.895509
0 0.712714 0.56613 0.105356 0.162454 0.894038
0 0.246768 0.2298 0.0505403 0.0677652 0.885308
0 0.227694 0.185501 0.0483439 0.0659057 0.877392
0 0.198809 0.286404 0.0583034 0.0775619 0.8761
0 0.172873 0.217296 0.0527596 0.0755011 0.872039
0 0.307726 0.145385 0.0391062 0.0621277 0.867487
0 0.337045 0.172645 0.04584 0.0650125 0.864007
0 0.764057 0.10509 0.0557297 0.110196 0.857552
0 0.736451 0.213094 0.0551971 0.0885443 0.831847
0 0.816939 0.090629 0.0366012 0.0534175 0.82759
0 0.325343 0.241742 0.0498027 0.069711 0.822947
0 0.278109 0.208237 0.0441388 0.0634722 0.804866
0 0.643198 0.235101 0.056172 0.0756192 0.790886
0 0.49917 0.11788 0.0387069 0.0512457 0.743823
0 0.544347 0.0483982 0.0480637 0.0736587 0.695379
0 0.681166 0.137699 0.0364672 0.0570947 0.693263
0 0.404836 0.130453 0.041975 0.0587546 0.692273
0 0.450501 0.112195 0.0331286 0.0548695 0.680215
0 0.707214 0.119541 0.0348818 0.0575336 0.651871
0 0.842854 0.0696608 0.0354847 0.046379 0.63039
0 0.422967 0.0972939 0.0330572 0.0478568 0.610997
0 0.548263 0.248067 0.0565153 0.0729963 0.253776
0 0.687683 0.351784 0.0713459 0.0960588 0.923666
0 0.265132 0.351702 0.0683373 0.0937195 0.915001
0 0.305044 0.276844 0.0568508 0.0869432 0.914755
0 0.712962 0.56376 0.107796 0.169565 0.913406
0 0.843094 0.50469 0.0960756 0.132765 0.909217
0 0.655008 0.280447 0.063854 0.0830013 0.906791
0 0.920547 0.590662 0.119881 0.150228 0.905566
0 0.139367 0.357487 0.0701982 0.0985541 0.90555
0 0.171273 0.218506 0.0517908 0.0784272 0.899814
0 0.879979 0.395854 0.082235 0.109095 0.89725
0 0.792813 0.307539 0.0633216 0.0880533 0.892462
0 0.377764 0.198922 0.0458547 0.0636391 0.887478
0 0.749151 0.255109 0.0562902 0.0787233 0.885679
0 0.198526 0.286827 0.0533974 0.0765242 0.879356
0 0.24569 0.229497 0.0480275 0.0649221 0.871946
0 0.543515 0.306738 0.0667061 0.121646 0.871491
0 0.61017 0.412502 0.0797693 0.153161 0.870394
0 0.642239 0.232197 0.0540771 0.0698208 0.864129
0 0.733891 0.208252 0.0524712 0.0830957 0.853816
0 0.336892 0.172381 0.0399454 0.0612639 0.846301
0 0.306855 0.145418 0.0376352 0.0631255 0.844103
0 0.765272 0.109456 0.0515448 0.107687 0.840487
0 0.226534 0.18392 0.0434744 0.0645684 0.839099
0 0.498929 0.118158 0.0369751 0.0456367 0.837647
0 0.68977 0.126612 0.0557253 0.0774268 0.738793
0 0.680478 0.133692 0.0360209 0.0628546 0.711567
0 0.276082 0.204354 0.0426378 0.0568834 0.67435
0 0.325343 0.242365 0.0505317 0.0654894 0.66693
0 0.545639 0.23887 0.0562373 0.0493962 0.54583
0 0.616934 0.363641 0.0309191 0.0521653 0.492405
0 0.402487 0.130148 0.036552 0.0528895 0.485751
0 0.642171 0.211259 0.0527317 0.11003 0.410404
0 0.636285 0.0644964 0.0285128 0.0408372 0.395932
0 0.640311 0.18571 0.0500965 0.0563133 0.391137
0 0.704677 0.117444 0.0354059 0.0584906 0.321429
0 0.748553 0.0310654 0.0273438 0.0403363 0.263387
