0 0.259399 0.404223 0.0696126 0.104307 0.916844
0 0.169158 0.756603 0.174198 0.313094 0.908097
0 0.160527 0.155012 0.0918317 0.20555 0.90223
0 0.248172 0.195428 0.0823985 0.172928 0.902208
0 0.809381 0.348437 0.0694004 0.10312 0.901176
0 0.353045 0.735519 0.109062 0.151672 0.900502
0 0.732086 0.180356 0.0447235 0.0689631 0.900458
0 0.948799 0.459384 0.0927666 0.129809 0.900369
0 0.1241 0.592043 0.0964507 0.129724 0.899158
0 0.651786 0.260687 0.0564911 0.079346 0.896142
0 0.513727 0.931638 0.164304 0.136724 0.894527
0 0.180362 0.296051 0.0602134 0.119556 0.894167
0 0.653803 0.197863 0.0464483 0.0624798 0.889067
0 0.370093 0.147238 0.0400431 0.058187 0.879101
0 0.684995 0.133144 0.0424888 0.0652346 0.876182
0 0.327529 0.248511 0.0521815 0.0686459 0.875496
0 0.353223 0.214744 0.0508555 0.0682926 0.874227
0 0.828004 0.0505844 0.0505985 0.0971289 0.870043
0 0.783209 0.0503362 0.0283634 0.0474484 0.837404
0 0.753084 0.0632381 0.0399496 0.0895403 0.791913
0 0.719451 0.0732068 0.034736 0.0595525 0.78605
0 0.220372 0.958402 0.169027 0.0831955 0.644899
0 0.650578 0.259027 0.058854 0.0750114 0.917167
0 0.1679 0.765354 0.180871 0.312293 0.917101
0 0.160458 0.160443 0.093875 0.203113 0.916352
0 0.246928 0.188835 0.0836953 0.172514 0.913407
0 0.808605 0.346185 0.0702472 0.100996 0.911444
0 0.355235 0.73796 0.108257 0.161047 0.902436
0 0.254824 0.401145 0.0704173 0.10165 0.891202
0 0.683948 0.131775 0.0440027 0.0669123 0.890149
0 0.514321 0.930145 0.171261 0.139209 0.887831
0 0.730793 0.180821 0.0461035 0.0685392 0.885692
0 0.950573 0.455633 0.0895325 0.123349 0.884048
0 0.224059 0.956457 0.186652 0.087087 0.88326
0 0.326556 0.251475 0.0527191 0.0699392 0.879786
0 0.651612 0.19579 0.0520133 0.05901 0.875936
0 0.36831 0.146706 0.0427299 0.0613821 0.873262
0 0.35324 0.21645 0.049092 0.0632551 0.857376
0 0.179599 0.295168 0.0648078 0.1161 0.853629
0 0.82781 0.051439 0.0515396 0.100679 0.846099
0 0.75334 0.0640465 0.0406535 0.091945 0.844133
0 0.428881 0.166045 0.0392559 0.0557177 0.81088
0 0.121056 0.591272 0.106771 0.127718 0.764984
0 0.673435 0.0414395 0.0274376 0.0392246 0.687265
0 0.71956 0.0768139 0.0315142 0.0495052 0.563556
0 0.464603 0.139551 0.0401611 0.0464741 0.263227
