0 0.13915 0.168797 0.0936636 0.209789 0.917588
0 0.258194 0.445268 0.0754038 0.111521 0.914362
0 0.781374 0.318185 0.063385 0.0964536 0.910999
0 0.21374 0.845986 0.199735 0.307671 0.910791
0 0.660671 0.178653 0.0433596 0.0611077 0.907714
0 0.88257 0.407868 0.0823214 0.119758 0.90037
0 0.841786 0.0447936 0.0419834 0.0891339 0.898444
0 0.418703 0.860673 0.126881 0.172916 0.895846
0 0.307901 0.273451 0.0566792 0.0731189 0.891749
0 0.228907 0.209616 0.0847845 0.179514 0.890452
0 0.143828 0.668162 0.104813 0.146459 0.888393
0 0.334634 0.235814 0.0547762 0.0712112 0.886469
0 0.701043 0.117554 0.0413562 0.0652506 0.885138
0 0.161223 0.322296 0.066972 0.124865 0.883253
0 0.649746 0.232357 0.0527163 0.0749292 0.880966
0 0.736944 0.164264 0.0444108 0.0662669 0.880053
0 0.34438 0.162006 0.0423259 0.0614736 0.871949
0 0.550928 0.0753865 0.0346695 0.0479776 0.861709
0 0.402195 0.185306 0.048279 0.0610227 0.853818
0 0.806437 0.0394067 0.0293125 0.0468064 0.843343
0 0.770662 0.0539009 0.0402809 0.0830104 0.809865
0 0.641681 0.049678 0.0320137 0.0415939 0.772494
0 0.74185 0.0661764 0.0279217 0.0519219 0.649954
0 0.990079 0.652386 0.0198429 0.189084 0.599252
0 0.65434 0.0279597 0.0322449 0.044315 0.594093
0 0.564343 0.0545702 0.02784 0.0404605 0.501755
0 0.438833 0.155782 0.0433358 0.0562045 0.426431
0 0.229069 0.205163 0.0865097 0.182987 0.920202
0 0.78137 0.318101 0.0677344 0.0937402 0.913493
0 0.14053 0.171557 0.0919706 0.216279 0.909741
0 0.417869 0.860845 0.129957 0.18434 0.908996
0 0.700297 0.116941 0.0411627 0.0671004 0.899188
0 0.20765 0.852135 0.211059 0.295729 0.891876
0 0.256942 0.442023 0.0771234 0.111586 0.891736
0 0.401277 0.185772 0.0446493 0.0605771 0.88868
0 0.648207 0.231827 0.0550595 0.0695769 0.884333
0 0.770428 0.0558211 0.0381615 0.0831087 0.880832
0 0.661672 0.178481 0.046604 0.0601408 0.878131
0 0.307781 0.276175 0.056844 0.0754106 0.876659
0 0.342678 0.161592 0.0423573 0.0642556 0.873273
0 0.737133 0.163991 0.0416842 0.0633847 0.871615
0 0.883116 0.406656 0.0793392 0.107855 0.871248
0 0.141368 0.66985 0.117858 0.141003 0.865109
0 0.334881 0.238887 0.0530272 0.0676822 0.862549
0 0.160573 0.321667 0.067161 0.123552 0.853618
0 0.55187 0.073631 0.0352068 0.0458901 0.801154
0 0.641069 0.0494967 0.0303892 0.0408951 0.743352
0 0.391622 0.137594 0.0338071 0.0536342 0.628143
0 0.437402 0.156114 0.0360831 0.0511936 0.623855
0 0.8071 0.0402527 0.0271484 0.0459235 0.600263
0 0.653908 0.0293701 0.0280941 0.0405919 0.485544
0 0.989622 0.648483 0.0205553 0.168102 0.439636
0 0.844379 0.0482486 0.0477108 0.085162 0.427531
