0 0.645919 0.286142 0.0556065 0.0843848 0.920297
0 0.698151 0.394922 0.0803219 0.122391 0.911471
0 0.89546 0.397618 0.0879269 0.133118 0.911407
0 0.748863 0.212108 0.0726707 0.146002 0.908772
0 0.325897 0.773731 0.127083 0.171444 0.904901
0 0.825921 0.673843 0.133511 0.170501 0.901565
0 0.293778 0.192435 0.0504993 0.0674625 0.897257
0 0.62456 0.468492 0.0878769 0.11871 0.896026
0 0.805805 0.475195 0.0941839 0.129476 0.888577
0 0.72418 0.544447 0.099213 0.138699 0.885719
0 0.961644 0.617134 0.0767123 0.166199 0.88154
0 0.345543 0.122256 0.036369 0.0578442 0.875293
0 0.467427 0.133173 0.0450061 0.0629097 0.872531
0 0.969538 0.488215 0.0606113 0.13224 0.869406
0 0.59012 0.152936 0.0411671 0.0633287 0.867989
0 0.410429 0.167014 0.0490026 0.0605584 0.857565
0 0.400169 0.101797 0.0296834 0.0506479 0.84855
0 0.674141 0.146303 0.0406054 0.0602794 0.847406
0 0.64882 0.0457393 0.032965 0.0413457 0.836007
0 0.371409 0.151477 0.0401826 0.0567165 0.832604
0 0.525751 0.082159 0.0349971 0.0503288 0.829193
0 0.737792 0.094386 0.0376827 0.0527924 0.827329
0 0.806316 0.0989823 0.0392471 0.052028 0.826563
0 0.624879 0.25276 0.0454108 0.0772455 0.826447
0 0.484817 0.075963 0.0370476 0.0524606 0.825141
0 0.847924 0.0682405 0.0345043 0.0486831 0.824996
0 0.515188 0.114507 0.0356932 0.0473376 0.813617
0 0.768523 0.070592 0.0354858 0.063818 0.807917
0 0.59072 0.0815003 0.0417696 0.0507628 0.770012
0 0.421836 0.123555 0.0379733 0.0512573 0.732823
0 0.602953 0.0579072 0.0294188 0.0435335 0.492717
0 0.89419 0.397832 0.0862404 0.125871 0.914504
0 0.820085 0.666352 0.120197 0.158735 0.914083
0 0.721958 0.543996 0.0992445 0.145219 0.911303
0 0.292579 0.190543 0.0483739 0.0668792 0.905231
0 0.807335 0.473542 0.0873251 0.127579 0.903712
0 0.697254 0.3932 0.0803082 0.124846 0.900072
0 0.747233 0.214041 0.0716511 0.141178 0.891676
0 0.322375 0.776855 0.136843 0.182416 0.891432
0 0.645157 0.28575 0.054549 0.0819608 0.889763
0 0.969002 0.480812 0.0619961 0.120589 0.881542
0 0.962066 0.616453 0.0758684 0.154148 0.880819
0 0.623644 0.467593 0.0855377 0.1174 0.880621
0 0.674638 0.14485 0.0401031 0.0598062 0.864343
0 0.804897 0.0979211 0.0381136 0.0542027 0.861122
0 0.344537 0.122884 0.0353671 0.0570452 0.850369
0 0.589468 0.150522 0.0425114 0.0631681 0.84985
0 0.736533 0.0940442 0.032616 0.0480224 0.838464
0 0.368916 0.151547 0.0367243 0.0542909 0.817256
0 0.625528 0.252501 0.052501 0.0737323 0.769289
0 0.517161 0.113674 0.0361187 0.0428958 0.699855
0 0.753464 0.133045 0.0437571 0.0427227 0.622552
0 0.406286 0.162812 0.0387293 0.0611819 0.589736
0 0.849784 0.0599586 0.0336487 0.0591577 0.5835
0 0.768213 0.0732722 0.0296336 0.0484854 0.555438
0 0.690427 0.121701 0.0328724 0.0468273 0.264031
