0 0.248104 0.113208 0.0848455 0.174398 0.934725
0 0.746201 0.413865 0.0823866 0.114448 0.931769
0 0.645001 0.204113 0.049609 0.0844818 0.921486
0 0.273863 0.445868 0.0731432 0.0957693 0.913577
0 0.744794 0.266015 0.0592233 0.0833875 0.909729
0 0.264348 0.214526 0.0485909 0.0884945 0.907311
0 0.300528 0.544411 0.0992879 0.146613 0.905509
0 0.304413 0.278692 0.056223 0.0825252 0.9021
0 0.433294 0.908685 0.158948 0.179948 0.900352
0 0.128126 0.474879 0.11648 0.201619 0.895253
0 0.668576 0.313189 0.0642616 0.0961391 0.894837
0 0.331532 0.135531 0.0768549 0.147607 0.893972
0 0.371325 0.734315 0.120601 0.155624 0.888229
0 0.11112 0.61884 0.10608 0.150035 0.886323
0 0.770743 0.0813001 0.0554064 0.119304 0.885812
0 0.63057 0.119963 0.0420549 0.0758389 0.882368
0 0.704211 0.103601 0.0441542 0.105124 0.876507
0 0.447181 0.143776 0.0428881 0.0588741 0.858453
0 0.480029 0.0953231 0.0353127 0.0550692 0.845063
0 0.415019 0.173418 0.0467404 0.060383 0.799727
0 0.53374 0.10548 0.0390469 0.0478118 0.694177
0 0.73667 0.0638589 0.029356 0.0501283 0.676375
0 0.990295 0.520326 0.0194094 0.154209 0.587311
0 0.00978528 0.472628 0.019315 0.209612 0.316679
0 0.369691 0.734398 0.127374 0.16841 0.905984
0 0.248633 0.111461 0.0860312 0.178316 0.905876
0 0.42999 0.906648 0.162998 0.186434 0.903277
0 0.330532 0.13051 0.0774462 0.141738 0.896759
0 0.303939 0.278253 0.0552823 0.0773892 0.896214
0 0.771817 0.0805669 0.0559076 0.129768 0.892717
0 0.745692 0.411242 0.0816458 0.112447 0.891937
0 0.745384 0.26551 0.0580695 0.0821621 0.889462
0 0.64352 0.202417 0.0539888 0.0813765 0.888461
0 0.264018 0.214531 0.0502252 0.0926136 0.886855
0 0.109296 0.617317 0.113186 0.162277 0.885246
0 0.66592 0.312927 0.0690418 0.0918724 0.884762
0 0.30254 0.548351 0.101651 0.154228 0.880986
0 0.127388 0.479704 0.115773 0.200267 0.879451
0 0.703551 0.108798 0.0447195 0.102155 0.871539
0 0.273831 0.445445 0.0768753 0.101666 0.86899
0 0.629455 0.128358 0.0425528 0.0562691 0.868842
0 0.708462 0.028361 0.0305475 0.0505519 0.849789
0 0.533625 0.104014 0.0322428 0.0428255 0.712817
0 0.413879 0.174545 0.0438364 0.0536469 0.712719
0 0.447362 0.145424 0.0424024 0.0498422 0.358135
0 0.992129 0.51453 0.0157263 0.135431 0.33767
