0 0.0542645 0.294874 0.0870446 0.152537 0.923627
0 0.178785 0.275755 0.0784118 0.138165 0.918269
0 0.295219 0.287865 0.0589579 0.0858206 0.914271
0 0.111085 0.544553 0.100231 0.14181 0.905086
0 0.554246 0.224563 0.0551568 0.103647 0.9029
0 0.249129 0.424546 0.075882 0.106883 0.902671
0 0.332935 0.243888 0.049348 0.0698735 0.901278
0 0.253735 0.231135 0.0519191 0.0665158 0.899374
0 0.402474 0.802131 0.133877 0.167962 0.898472
0 0.595281 0.176861 0.0429074 0.0684916 0.897333
0 0.134668 0.684571 0.10705 0.162318 0.891652
0 0.155639 0.876924 0.1333 0.194796 0.890782
0 0.739337 0.395256 0.083942 0.130035 0.890095
0 0.15844 0.35306 0.0694987 0.0981617 0.885593
0 0.383082 0.0669914 0.0653295 0.133983 0.885423
0 0.704568 0.189621 0.0559123 0.131909 0.883663
0 0.476012 0.0685976 0.0681803 0.118175 0.882347
0 0.41832 0.163164 0.0435929 0.0602661 0.877578
0 0.289164 0.357995 0.064821 0.0836576 0.870158
0 0.667678 0.148377 0.0352526 0.0606253 0.860507
0 0.741406 0.147996 0.0633215 0.147846 0.857692
0 0.975466 0.493631 0.0490677 0.13643 0.846077
0 0.0176683 0.412665 0.0353366 0.0991318 0.842961
0 0.798502 0.0611095 0.0702797 0.121966 0.842275
0 0.610163 0.134497 0.0412372 0.0667349 0.827058
0 0.684488 0.0889818 0.0378663 0.0520431 0.799001
0 0.325379 0.640149 0.0998066 0.141591 0.769027
0 0.849852 0.0658559 0.030397 0.0482661 0.749231
0 0.632428 0.119325 0.0303934 0.0620665 0.726505
0 0.658332 0.0400368 0.0332158 0.0472816 0.70406
0 0.564113 0.0904099 0.0292556 0.0455848 0.685834
0 0.136308 0.685395 0.114146 0.165293 0.923327
0 0.553853 0.225563 0.052133 0.099418 0.914299
0 0.05363 0.294505 0.0865561 0.155701 0.904318
0 0.108901 0.544894 0.102626 0.148392 0.904206
0 0.17717 0.275269 0.0810798 0.141028 0.899792
0 0.737155 0.392759 0.0807251 0.125712 0.896265
0 0.28953 0.359672 0.0664209 0.0877093 0.892307
0 0.325525 0.643511 0.104228 0.155609 0.891584
0 0.151812 0.874751 0.142749 0.198792 0.890565
0 0.295699 0.289255 0.0588543 0.0907069 0.89024
0 0.246969 0.424604 0.07981 0.107909 0.887962
0 0.157257 0.35413 0.0709601 0.0992229 0.884482
0 0.704979 0.194476 0.0569212 0.125419 0.878992
0 0.334563 0.244018 0.0474423 0.0686276 0.876021
0 0.399561 0.802647 0.145283 0.187832 0.872195
0 0.253462 0.231133 0.0526081 0.06985 0.865881
0 0.381184 0.0695708 0.0628048 0.138003 0.861116
0 0.659313 0.0408001 0.0325004 0.0451132 0.858495
0 0.975151 0.493578 0.0496984 0.131672 0.85156
0 0.797266 0.0607114 0.0605333 0.121423 0.848246
0 0.684661 0.0896394 0.0359934 0.0504192 0.826482
0 0.0171767 0.41362 0.0343534 0.0975722 0.821465
0 0.668061 0.147456 0.0333181 0.0552046 0.818469
0 0.56531 0.0909946 0.0314972 0.0420008 0.817237
0 0.593794 0.17461 0.0417243 0.066916 0.79069
0 0.598955 0.154584 0.0495173 0.104336 0.770299
0 0.610637 0.134901 0.0368625 0.0672617 0.766789
0 0.416195 0.164188 0.0414498 0.0581931 0.387946
0 0.551427 0.186649 0.0191294 0.0285042 0.317863
0 0.849243 0.0658682 0.0308481 0.0455787 0.274176
