0 0.918176 0.523248 0.0862392 0.117819 0.933144
0 0.762838 0.242174 0.0485296 0.070286 0.918735
0 0.718938 0.325594 0.0621419 0.0878026 0.917613
0 0.543516 0.895064 0.161144 0.209873 0.912882
0 0.460377 0.328869 0.0696382 0.08991 0.912165
0 0.264428 0.52799 0.109406 0.166347 0.912033
0 0.246129 0.421534 0.0821592 0.112965 0.912023
0 0.842039 0.365188 0.0661823 0.0965623 0.911995
0 0.382686 0.447791 0.0876772 0.119776 0.905215
0 0.796593 0.285339 0.0562986 0.0817516 0.903125
0 0.36828 0.228305 0.0522408 0.0715164 0.898803
0 0.443446 0.191024 0.042395 0.0720636 0.894498
0 0.902167 0.282216 0.0577164 0.0893712 0.890621
0 0.722569 0.20538 0.0490849 0.0710016 0.889991
0 0.683434 0.121795 0.0652852 0.0953115 0.886846
0 0.902284 0.625461 0.096283 0.136937 0.882548
0 0.329831 0.305425 0.0584441 0.0937632 0.881044
0 0.883745 0.712262 0.111094 0.154286 0.8805
0 0.25234 0.17592 0.0905456 0.237251 0.878125
0 0.96761 0.359905 0.0643402 0.0959078 0.87526
0 0.802269 0.203624 0.0455183 0.063996 0.872716
0 0.342066 0.147327 0.041264 0.0578441 0.859569
0 0.886636 0.471886 0.0835987 0.107427 0.853961
0 0.660905 0.226394 0.0522736 0.0680103 0.84672
0 0.753129 0.177792 0.0369286 0.0561248 0.845896
0 0.624834 0.192652 0.0478296 0.0641683 0.842777
0 0.412963 0.152657 0.0413843 0.0654219 0.835753
0 0.377037 0.11998 0.0412741 0.0635652 0.830599
0 0.35566 0.193881 0.0469748 0.0666199 0.825685
0 0.202498 0.0900527 0.0359602 0.0606937 0.775037
0 0.442779 0.0817734 0.0416374 0.0628207 0.73505
0 0.69585 0.549673 0.087726 0.128708 0.723396
0 0.600515 0.133617 0.0422695 0.0603924 0.685422
0 0.012529 0.657681 0.0248157 0.186045 0.646064
0 0.536751 0.135609 0.0420799 0.0563984 0.516697
0 0.214557 0.0140625 0.053701 0.028125 0.340004
0 0.479588 0.107744 0.0369651 0.0509394 0.269977
0 0.544489 0.893202 0.164221 0.213596 0.907484
0 0.265512 0.5275 0.11099 0.164892 0.9057
0 0.369314 0.227894 0.0506352 0.0723502 0.903905
0 0.918954 0.523627 0.0886517 0.124312 0.90205
0 0.382959 0.447814 0.0842111 0.118296 0.90122
0 0.762246 0.242792 0.0455488 0.0694524 0.900719
0 0.885518 0.714196 0.116268 0.164585 0.900145
0 0.966977 0.361785 0.0659874 0.0980359 0.899107
0 0.719818 0.325204 0.0628313 0.0888879 0.897072
0 0.721942 0.204889 0.0458199 0.06898 0.895341
0 0.798814 0.285694 0.0550566 0.0794527 0.893496
0 0.842045 0.365775 0.0692041 0.0953816 0.892986
0 0.684811 0.122094 0.0645029 0.101623 0.891917
0 0.254367 0.169395 0.0882356 0.245091 0.889542
0 0.33071 0.30238 0.0556047 0.0911433 0.888624
0 0.246046 0.422205 0.0829027 0.113861 0.88286
0 0.804364 0.203634 0.0444756 0.0650843 0.882731
0 0.376576 0.121255 0.0366432 0.0623268 0.881255
0 0.66037 0.226598 0.049197 0.0676951 0.876621
0 0.696832 0.547703 0.0943996 0.143119 0.874962
0 0.444817 0.191946 0.0432706 0.0718941 0.872442
0 0.903494 0.281513 0.058868 0.0911479 0.872251
0 0.460137 0.328465 0.06677 0.0887913 0.847616
0 0.899543 0.625904 0.109937 0.135221 0.838813
0 0.885237 0.471925 0.0842302 0.108276 0.801225
0 0.624954 0.193085 0.0418713 0.0621424 0.76976
0 0.35699 0.190482 0.0486207 0.0579255 0.766044
0 0.443752 0.0817104 0.0326674 0.0615858 0.754115
0 0.341864 0.147379 0.0381188 0.0547619 0.724828
0 0.203286 0.0898165 0.0378461 0.0659274 0.714761
0 0.753738 0.177033 0.0358916 0.0532217 0.663583
0 0.0131311 0.671099 0.0262621 0.20267 0.65181
0 0.601211 0.136174 0.0408028 0.0618521 0.596445
