0 0.680181 0.253676 0.0551559 0.0859673 0.936747
0 0.0803244 0.56628 0.114629 0.144914 0.913562
0 0.196871 0.65294 0.12188 0.185912 0.904503
0 0.344152 0.480847 0.0891485 0.147434 0.90296
0 0.730425 0.212208 0.0488887 0.0638699 0.901362
0 0.284083 0.384846 0.0804563 0.106012 0.899873
0 0.328242 0.305832 0.0660367 0.0920563 0.896273
0 0.0748995 0.432667 0.0843857 0.11915 0.894347
0 0.783572 0.265379 0.054093 0.0729054 0.888069
0 0.239949 0.276624 0.0606756 0.086181 0.887984
0 0.842263 0.325858 0.0639652 0.0962062 0.883574
0 0.804955 0.202864 0.049593 0.0711195 0.882604
0 0.724703 0.317351 0.0632179 0.0842353 0.88052
0 0.43708 0.352115 0.0720727 0.105736 0.875722
0 0.74951 0.174252 0.0483234 0.0661012 0.855353
0 0.354928 0.25454 0.0584623 0.0802858 0.846984
0 0.670242 0.1349 0.0396417 0.0605656 0.842861
0 0.258986 0.227897 0.0572841 0.0883656 0.834845
0 0.471864 0.251512 0.0462276 0.0828011 0.833978
0 0.652901 0.2225 0.0465388 0.0661155 0.829204
0 0.643127 0.160972 0.0424511 0.0573094 0.824621
0 0.187416 0.331172 0.0703997 0.0982908 0.822825
0 0.45934 0.310062 0.0613287 0.0871529 0.819193
0 0.194997 0.0998162 0.0396559 0.0550265 0.816921
0 0.572538 0.12017 0.0414032 0.0580693 0.803228
0 0.245027 0.10406 0.0561779 0.137161 0.797002
0 0.598595 0.181688 0.045907 0.0639656 0.781502
0 0.0204139 0.672796 0.0405531 0.167743 0.774543
0 0.452196 0.266986 0.0599028 0.0740896 0.76435
0 0.169385 0.0778569 0.0360556 0.0490323 0.705453
0 0.308897 0.130191 0.0359831 0.0569324 0.683383
0 0.332231 0.149997 0.0400114 0.0608295 0.659579
0 0.553047 0.0899236 0.033834 0.0493856 0.596775
0 0.523066 0.102719 0.0357424 0.0535513 0.571078
0 0.456557 0.291308 0.0641356 0.117311 0.570361
0 0.361884 0.215121 0.0525239 0.0823174 0.537941
0 0.502832 0.0788139 0.0296806 0.0425308 0.475583
0 0.209872 0.0649719 0.0304672 0.0444434 0.393315
0 0.701556 0.199248 0.0446918 0.0736013 0.257399
0 0.20004 0.648107 0.121581 0.180842 0.920974
0 0.0778226 0.564144 0.104783 0.14016 0.917356
0 0.356758 0.253179 0.0598411 0.0729747 0.916739
0 0.680715 0.254929 0.0523208 0.0855754 0.913901
0 0.344709 0.483877 0.0896648 0.138387 0.913148
0 0.187884 0.330447 0.0684224 0.0972346 0.911178
0 0.329749 0.307566 0.0656008 0.090311 0.905017
0 0.843751 0.326604 0.0651814 0.0932 0.8987
0 0.0739503 0.43002 0.0828702 0.117854 0.89566
0 0.242597 0.277088 0.0606732 0.0850705 0.894309
0 0.724785 0.318177 0.0619172 0.0891874 0.893371
0 0.806902 0.204949 0.0496727 0.0742198 0.885024
0 0.438751 0.351945 0.0659837 0.105816 0.882482
0 0.283771 0.381015 0.0772816 0.106937 0.881164
0 0.784375 0.264937 0.0509978 0.0770019 0.878433
0 0.260945 0.224829 0.0554367 0.0854745 0.877824
0 0.244258 0.10542 0.0539456 0.13795 0.874212
0 0.642644 0.158905 0.0389643 0.0605459 0.85143
0 0.731832 0.212635 0.04613 0.0633486 0.845429
0 0.602958 0.181636 0.0360417 0.0604669 0.838087
0 0.471827 0.105828 0.0386587 0.0469177 0.826643
0 0.0219353 0.670941 0.0434111 0.171346 0.823278
0 0.451781 0.264889 0.0640718 0.0641565 0.805757
0 0.673075 0.135233 0.03477 0.0604799 0.803651
0 0.36294 0.207392 0.051766 0.067474 0.799734
0 0.651915 0.222166 0.0422487 0.0618931 0.779338
0 0.323729 0.141691 0.0574012 0.0729121 0.768411
0 0.195293 0.0991782 0.0351408 0.0491585 0.740044
0 0.333238 0.148906 0.0383845 0.0586585 0.737062
0 0.701829 0.18896 0.0383677 0.0524456 0.723603
0 0.169416 0.0765658 0.0316179 0.0458583 0.710401
0 0.751466 0.17341 0.0431711 0.0597198 0.62421
0 0.458914 0.308142 0.0644386 0.0856115 0.595214
0 0.470396 0.241748 0.0441417 0.0613516 0.464571
0 0.211041 0.0634366 0.0249437 0.0426736 0.420452
0 0.31161 0.128434 0.0392038 0.0531082 0.415479
0 0.339898 0.406817 0.0368413 0.0494966 0.25589
