0 0.83325 0.365482 0.0743383 0.104533 0.926453
0 0.11966 0.183114 0.0947423 0.219903 0.916977
0 0.265978 0.911335 0.254449 0.177331 0.913075
0 0.377758 0.205472 0.051796 0.0664273 0.912956
0 0.761504 0.291633 0.0585 0.0914583 0.903447
0 0.745139 0.149755 0.0409149 0.0622214 0.901368
0 0.923146 0.565856 0.111697 0.163647 0.898061
0 0.209957 0.229845 0.0889121 0.187273 0.89629
0 0.651514 0.207972 0.049115 0.0701826 0.892864
0 0.183785 0.763071 0.127552 0.158138 0.891665
0 0.143658 0.351304 0.0709074 0.134563 0.88932
0 0.669346 0.161747 0.0424534 0.0596096 0.888927
0 0.264237 0.495467 0.0825954 0.119551 0.882848
0 0.318311 0.178825 0.0436671 0.0637654 0.880713
0 0.288021 0.298583 0.061062 0.0816863 0.871756
0 0.31899 0.260878 0.0551854 0.0740345 0.867737
0 0.71914 0.101968 0.0381651 0.066536 0.856641
0 0.526426 0.961913 0.161925 0.0761748 0.828556
0 0.366197 0.155169 0.0368549 0.0529315 0.827353
0 0.787989 0.0452514 0.0411281 0.0866903 0.818816
0 0.859068 0.0430781 0.0401415 0.0776471 0.803562
0 0.61126 0.0583397 0.0324942 0.0463607 0.743449
0 0.830548 0.031152 0.0260048 0.0440434 0.636052
0 0.522195 0.0835062 0.0327415 0.0524749 0.414191
0 0.753579 0.0213374 0.0299045 0.0422187 0.375806
0 0.0102013 0.857037 0.0201708 0.285926 0.321702
0 0.415606 0.170635 0.0469462 0.0654814 0.296877
0 0.209349 0.224775 0.0927276 0.188171 0.916188
0 0.182549 0.766911 0.134555 0.162061 0.914452
0 0.924365 0.56484 0.104004 0.158877 0.907843
0 0.119518 0.187396 0.0921394 0.223059 0.899526
0 0.649974 0.207271 0.0523335 0.0656072 0.898454
0 0.318364 0.262832 0.0546854 0.0755878 0.897891
0 0.832068 0.363761 0.0754811 0.104421 0.896017
0 0.78895 0.0486264 0.0393791 0.0829491 0.893573
0 0.516242 0.960749 0.170683 0.0785019 0.887223
0 0.378388 0.20587 0.0505565 0.0650799 0.884498
0 0.260767 0.494278 0.0828916 0.120889 0.88291
0 0.760419 0.291006 0.0609226 0.0892732 0.876624
0 0.316694 0.176872 0.0425022 0.0676441 0.875851
0 0.744216 0.148863 0.0412254 0.0605929 0.875207
0 0.287651 0.301134 0.0582293 0.0805742 0.87254
0 0.365119 0.15481 0.0361763 0.054525 0.871762
0 0.141904 0.352437 0.0718614 0.132346 0.859062
0 0.718815 0.103845 0.0394002 0.0603893 0.855984
0 0.669155 0.160694 0.0432081 0.0599452 0.844428
0 0.277272 0.912811 0.254217 0.174379 0.834938
0 0.610726 0.0583851 0.0300356 0.0445861 0.379064
