0 0.124487 0.293846 0.163507 0.338603 0.926068
0 0.368752 0.248536 0.0566051 0.0805059 0.919107
0 0.776643 0.349155 0.0650359 0.0935377 0.917775
0 0.294416 0.388553 0.0740136 0.10801 0.916662
0 0.451795 0.352198 0.0716593 0.112547 0.913102
0 0.137518 0.709143 0.139632 0.178998 0.908035
0 0.741756 0.233127 0.0510568 0.0721271 0.906834
0 0.828853 0.310102 0.0635485 0.0841273 0.899233
0 0.122129 0.548634 0.0905093 0.141044 0.89401
0 0.228476 0.289951 0.0592905 0.0881699 0.891504
0 0.907425 0.517677 0.0888636 0.127873 0.884942
0 0.246904 0.226631 0.0500034 0.0722635 0.869281
0 0.462303 0.279708 0.0601538 0.0958682 0.868565
0 0.730611 0.409083 0.0766114 0.122145 0.866105
0 0.912928 0.285966 0.0612465 0.0871493 0.865073
0 0.45643 0.217798 0.0523832 0.0726417 0.864953
0 0.858425 0.394418 0.0712177 0.0960732 0.863725
0 0.60537 0.181955 0.0480083 0.0642476 0.861278
0 0.3542 0.19986 0.0482673 0.0671954 0.858483
0 0.315402 0.338073 0.068741 0.0946495 0.858338
0 0.693309 0.291081 0.0582602 0.0861736 0.855972
0 0.855536 0.240978 0.05653 0.0720735 0.851902
0 0.685326 0.182007 0.0487305 0.0681957 0.849489
0 0.723974 0.539674 0.0985847 0.131812 0.841871
0 0.772825 0.190961 0.0479835 0.0706571 0.836603
0 0.638667 0.157715 0.0414579 0.0640621 0.822541
0 0.262428 0.187871 0.0480427 0.0686841 0.785777
0 0.321057 0.139353 0.0399565 0.0681807 0.733109
0 0.668173 0.132575 0.0380634 0.0522644 0.710908
0 0.342967 0.16686 0.043965 0.0626397 0.33348
0 0.450704 0.352241 0.0682487 0.106555 0.916592
0 0.263121 0.169526 0.0475685 0.0988753 0.909573
0 0.139036 0.703582 0.138719 0.168495 0.905987
0 0.915251 0.28749 0.0606794 0.0964167 0.903702
0 0.778618 0.345815 0.0605665 0.0846751 0.900803
0 0.859869 0.391975 0.0715752 0.0959973 0.899898
0 0.122652 0.549457 0.0922164 0.136226 0.897932
0 0.856914 0.239064 0.0525715 0.075769 0.895523
0 0.369538 0.249901 0.053497 0.0773065 0.892847
0 0.731695 0.408572 0.0752783 0.116454 0.89263
0 0.910005 0.518132 0.091976 0.127466 0.888396
0 0.692817 0.289335 0.0560512 0.0856426 0.886197
0 0.228715 0.291565 0.0572418 0.0870189 0.885405
0 0.607392 0.181223 0.0431318 0.0610731 0.883759
0 0.775832 0.189707 0.0453563 0.0702444 0.882417
0 0.353001 0.1993 0.0455464 0.0650867 0.877645
0 0.298616 0.389154 0.0871679 0.104639 0.876786
0 0.741215 0.232881 0.0493844 0.0718811 0.873424
0 0.248383 0.225511 0.0506566 0.0714247 0.873234
0 0.724916 0.542995 0.101701 0.139087 0.869393
0 0.831136 0.309824 0.0549412 0.0791205 0.868381
0 0.687626 0.18038 0.0408482 0.0602209 0.86733
0 0.31565 0.333508 0.0733828 0.0883455 0.856167
0 0.464036 0.280208 0.0554592 0.0804533 0.85025
0 0.192277 0.0633194 0.0464387 0.119667 0.845918
0 0.455266 0.215225 0.0482723 0.0754073 0.827019
0 0.419269 0.168793 0.0393648 0.0842568 0.791136
0 0.323591 0.13662 0.0409325 0.0667413 0.773859
0 0.642786 0.156458 0.0319058 0.0603477 0.729142
0 0.126907 0.288692 0.155041 0.359221 0.68782
0 0.249873 0.0867908 0.0319788 0.0491012 0.675777
0 0.470419 0.106193 0.0334222 0.048612 0.665801
0 0.342206 0.164648 0.0444121 0.0537419 0.646162
0 0.797212 0.274649 0.0485453 0.058572 0.603053
0 0.668544 0.132069 0.0341152 0.0485492 0.424859
0 0.306883 0.0471635 0.0315016 0.0395644 0.309279
0 0.36957 0.0658454 0.0348581 0.0451707 0.251422
