0 0.146461 0.397231 0.0701779 0.103683 0.915595
0 0.072256 0.578416 0.0932034 0.130046 0.910373
0 0.271477 0.360426 0.0667294 0.0967197 0.909165
0 0.10715 0.705826 0.111268 0.154938 0.906981
0 0.577042 0.39488 0.0786591 0.112902 0.906151
0 0.2586 0.22124 0.0537364 0.074655 0.901605
0 0.911979 0.580243 0.113924 0.167619 0.897174
0 0.081786 0.301796 0.0610431 0.0930952 0.897041
0 0.666711 0.462 0.0951388 0.147349 0.896303
0 0.220208 0.262502 0.0531475 0.0771816 0.895741
0 0.71941 0.388708 0.0781425 0.110598 0.891791
0 0.137767 0.809957 0.126142 0.174422 0.891158
0 0.531821 0.295869 0.0648499 0.0832301 0.889411
0 0.323352 0.245294 0.0545145 0.0732889 0.88799
0 0.0245334 0.388339 0.0486853 0.101534 0.887384
0 0.296107 0.131709 0.0645824 0.0977907 0.886896
0 0.187617 0.308797 0.0578439 0.0842887 0.886823
0 0.111052 0.522067 0.090104 0.119756 0.88625
0 0.659792 0.280484 0.0542222 0.0863501 0.884257
0 0.355133 0.210591 0.045928 0.0667833 0.881253
0 0.571688 0.170755 0.0439206 0.0708429 0.878166
0 0.634726 0.208078 0.0506315 0.06983 0.877637
0 0.174706 0.218781 0.0485172 0.0654451 0.869091
0 0.743245 0.164936 0.0858976 0.229158 0.867007
0 0.43781 0.150461 0.0439231 0.0575772 0.858562
0 0.650058 0.177785 0.0451393 0.063386 0.812721
0 0.959316 0.435503 0.0813673 0.246723 0.810639
0 0.226758 0.190457 0.0413094 0.0556689 0.797718
0 0.810827 0.0822575 0.0404872 0.0619963 0.793218
0 0.790364 0.106539 0.0374213 0.0524138 0.782571
0 0.642018 0.108567 0.0383412 0.0626411 0.781051
0 0.670341 0.13412 0.0402964 0.0556351 0.737359
0 0.493624 0.120491 0.0389292 0.0501533 0.733839
0 0.327051 0.624897 0.100974 0.144185 0.699295
0 0.601041 0.134499 0.0406286 0.0683115 0.58272
0 0.377092 0.147448 0.0457033 0.0601058 0.546911
0 0.580464 0.980691 0.173458 0.0385471 0.544618
0 0.380512 0.132131 0.0493177 0.0901271 0.374406
0 0.659158 0.279445 0.0512886 0.0811342 0.928842
0 0.294517 0.132037 0.0639352 0.105551 0.924825
0 0.667027 0.461983 0.0952851 0.147469 0.920601
0 0.577522 0.395019 0.073607 0.109598 0.918859
0 0.134843 0.813156 0.145184 0.18498 0.916665
0 0.913711 0.577304 0.113012 0.159497 0.913842
0 0.269749 0.362178 0.0677105 0.0996662 0.905803
0 0.0806854 0.302291 0.0595424 0.0994949 0.894289
0 0.143844 0.394395 0.0719145 0.102105 0.890335
0 0.328195 0.626668 0.103629 0.157798 0.890114
0 0.072197 0.579599 0.101838 0.134866 0.887953
0 0.0247626 0.387847 0.0495252 0.102882 0.886196
0 0.635298 0.207673 0.0472526 0.0686876 0.885847
0 0.259112 0.221893 0.0502706 0.0749762 0.885576
0 0.322439 0.246952 0.0534229 0.0733491 0.881242
0 0.570671 0.172526 0.0452047 0.0692613 0.881144
0 0.529979 0.295677 0.0626914 0.082974 0.880947
0 0.186671 0.30864 0.0565293 0.081367 0.880913
0 0.10829 0.703248 0.118536 0.158836 0.880054
0 0.173801 0.218623 0.048539 0.0688497 0.877696
0 0.220308 0.261969 0.0482253 0.0762815 0.875341
0 0.740692 0.161767 0.0780968 0.225495 0.87332
0 0.377032 0.148342 0.0443461 0.0619083 0.858671
0 0.108631 0.520597 0.096877 0.119928 0.852654
0 0.720759 0.384807 0.0743083 0.106936 0.847916
0 0.354438 0.210958 0.0433417 0.0625839 0.825692
0 0.641004 0.108321 0.0335232 0.0612179 0.791557
0 0.960654 0.384754 0.0786921 0.34205 0.758986
0 0.959472 0.435674 0.0805525 0.240692 0.725615
0 0.225619 0.191149 0.0365834 0.058291 0.708026
0 0.648682 0.17619 0.0472686 0.0569341 0.659697
0 0.809971 0.081213 0.0355623 0.0624888 0.624443
0 0.593292 0.979555 0.179349 0.0408821 0.609481
0 0.604367 0.136494 0.03155 0.0604715 0.514709
0 0.530557 0.0935206 0.0352827 0.0602843 0.467812
0 0.621776 0.979131 0.255224 0.0417372 0.397915
0 0.756769 0.0216666 0.0460112 0.0433331 0.384168
