0 0.724108 0.389921 0.0764587 0.125333 0.915939
0 0.286664 0.358185 0.0691737 0.0938528 0.909567
0 0.158676 0.300017 0.0963285 0.224324 0.897644
0 0.316507 0.27618 0.0589389 0.0764273 0.896757
0 0.338248 0.711451 0.113995 0.157706 0.894307
0 0.0989454 0.467828 0.087099 0.160888 0.894247
0 0.0592699 0.233048 0.102719 0.25493 0.891751
0 0.739248 0.269756 0.0589103 0.0824848 0.891622
0 0.682415 0.150148 0.0416702 0.0584727 0.888969
0 0.249686 0.234022 0.0489448 0.0739997 0.885398
0 0.221612 0.397994 0.0736931 0.0996702 0.876732
0 0.295663 0.205421 0.0451448 0.0629229 0.875531
0 0.436562 0.117725 0.0357998 0.0572982 0.871087
0 0.348574 0.232969 0.0505502 0.0668346 0.870032
0 0.78292 0.108182 0.037986 0.0555032 0.860193
0 0.708789 0.116352 0.0364615 0.0556007 0.845289
0 0.783555 0.0626401 0.035056 0.0562541 0.833362
0 0.516587 0.0888365 0.0326715 0.0469544 0.818357
0 0.44874 0.0894124 0.0354162 0.0500716 0.789455
0 0.733732 0.212624 0.0516075 0.0580192 0.757227
0 0.661812 0.0459343 0.0323398 0.0573588 0.677297
0 0.859317 0.03067 0.046912 0.060884 0.557643
0 0.325767 0.176621 0.0447041 0.064401 0.399817
0 0.529717 0.0632635 0.0352364 0.049174 0.319327
0 0.736243 0.0250362 0.0349362 0.0452149 0.291019
0 0.315433 0.278589 0.0587905 0.079707 0.911824
0 0.220637 0.399686 0.071957 0.0992202 0.911707
0 0.35013 0.233892 0.0477003 0.0659047 0.908236
0 0.338936 0.71157 0.117319 0.165134 0.907822
0 0.0572155 0.236384 0.108059 0.25591 0.899075
0 0.157095 0.301913 0.0965149 0.23302 0.895998
0 0.285415 0.360821 0.0665521 0.0936557 0.894382
0 0.723297 0.388425 0.0765466 0.117541 0.884425
0 0.680573 0.149764 0.0440561 0.0573387 0.883959
0 0.25017 0.233013 0.0491751 0.0751473 0.881386
0 0.0978378 0.467132 0.0903381 0.157898 0.878914
0 0.783213 0.110004 0.0352047 0.0573591 0.871572
0 0.293767 0.204231 0.0411659 0.0654547 0.865011
0 0.784359 0.0645102 0.0355824 0.0543256 0.862239
0 0.707978 0.113567 0.0362048 0.0554212 0.850393
0 0.664973 0.0485674 0.0378677 0.0530062 0.822648
0 0.737551 0.269262 0.0591471 0.0809257 0.813125
0 0.517472 0.0891031 0.0345657 0.0428436 0.759332
0 0.326152 0.175481 0.0453875 0.0635923 0.645127
0 0.731113 0.208693 0.0484179 0.0504203 0.572619
0 0.733595 0.0262742 0.0289043 0.04102 0.484635
0 0.853593 0.0311931 0.0320007 0.0615383 0.472746
0 0.432775 0.117741 0.0399508 0.0537229 0.406252
