0 0.629062 0.209297 0.0492378 0.0702592 0.936962
0 0.656323 0.326551 0.0685219 0.0916907 0.912438
0 0.181178 0.217934 0.0514674 0.0771173 0.907809
0 0.103979 0.2738 0.0573977 0.0794666 0.903328
0 0.675514 0.525502 0.104112 0.132115 0.903187
0 0.531039 0.287019 0.0611914 0.0978376 0.9031
0 0.54096 0.230429 0.048213 0.0782155 0.899444
0 0.320672 0.703842 0.120814 0.162158 0.898588
0 0.290057 0.354291 0.0681811 0.095151 0.896698
0 0.221755 0.270294 0.0572482 0.0807618 0.893447
0 0.0456353 0.327448 0.065387 0.0952191 0.89343
0 0.317046 0.183239 0.0418587 0.0652366 0.891983
0 0.1002 0.6481 0.108783 0.147284 0.888831
0 0.811765 0.247187 0.127704 0.296561 0.886584
0 0.167583 0.41899 0.0723382 0.103871 0.885594
0 0.765773 0.443919 0.0755452 0.120965 0.879352
0 0.350819 0.220743 0.0517257 0.0693677 0.878073
0 0.273356 0.211542 0.0482797 0.0718273 0.87612
0 0.166629 0.328779 0.0633513 0.0853969 0.871918
0 0.119658 0.468584 0.078806 0.114255 0.868766
0 0.280098 0.511998 0.0923085 0.143812 0.863713
0 0.362499 0.15045 0.0469314 0.0634668 0.863207
0 0.656945 0.170635 0.0438501 0.0627519 0.857125
0 0.135326 0.368154 0.0630919 0.0885119 0.838298
0 0.972019 0.836881 0.0559629 0.206013 0.836568
0 0.702622 0.116814 0.0359442 0.0648088 0.833785
0 0.737661 0.249382 0.0305192 0.0772317 0.797669
0 0.567537 0.179678 0.0482521 0.0701335 0.788209
0 0.677203 0.140657 0.0379965 0.055617 0.772643
0 0.287614 0.154337 0.0390717 0.055537 0.740355
0 0.333884 0.133247 0.0330607 0.0425474 0.596562
0 0.653833 0.274423 0.0614899 0.0726812 0.578349
0 0.835548 0.0548227 0.0515778 0.087855 0.451306
0 0.99321 0.671788 0.0134399 0.155894 0.308543
0 0.734446 0.16069 0.0327512 0.0591661 0.262846
0 0.833995 0.0576126 0.046191 0.0947696 0.912835
0 0.0455252 0.326744 0.0644422 0.0990497 0.91228
0 0.286518 0.35151 0.0659599 0.0981699 0.911033
0 0.319432 0.706485 0.127658 0.179449 0.903069
0 0.530419 0.288119 0.0587412 0.090749 0.902745
0 0.169144 0.417242 0.0667977 0.100224 0.902408
0 0.10404 0.272777 0.0561052 0.0826491 0.90145
0 0.0981351 0.647422 0.117616 0.154434 0.900483
0 0.272314 0.210336 0.0461033 0.0680986 0.900263
0 0.766494 0.445479 0.0754185 0.120107 0.896475
0 0.629445 0.209407 0.0474581 0.0686653 0.89579
0 0.656228 0.30268 0.0657085 0.130501 0.894193
0 0.279079 0.511203 0.0955629 0.149044 0.892137
0 0.350276 0.221182 0.0506205 0.0711996 0.889898
0 0.179605 0.217432 0.0491924 0.0763208 0.88697
0 0.222894 0.26933 0.0521168 0.0836553 0.876625
0 0.657735 0.169952 0.0426462 0.0602682 0.875874
0 0.674543 0.524297 0.102946 0.131567 0.875396
0 0.362669 0.151121 0.0424153 0.0616213 0.875224
0 0.314854 0.182841 0.0354094 0.0619602 0.869395
0 0.166734 0.328349 0.0623477 0.0806265 0.869084
0 0.118067 0.470098 0.0819294 0.110966 0.862586
0 0.970689 0.83435 0.0586226 0.201556 0.846477
0 0.132906 0.364712 0.0640112 0.0838362 0.844333
0 0.540927 0.226987 0.0446574 0.0674893 0.842344
0 0.813244 0.294356 0.128923 0.205888 0.834053
0 0.701835 0.115127 0.0355113 0.0647824 0.833704
0 0.789614 0.0649976 0.0293802 0.0527909 0.832373
0 0.610251 0.139216 0.0402016 0.0728803 0.818034
0 0.570262 0.177801 0.0562345 0.0705188 0.741966
0 0.737131 0.248445 0.0275206 0.076965 0.632139
0 0.285323 0.153175 0.0335351 0.0514878 0.613408
0 0.674543 0.0474909 0.034581 0.0512802 0.576109
0 0.674654 0.13869 0.0385506 0.0527269 0.476308
0 0.74857 0.0328898 0.025836 0.0350523 0.292836
