0 0.278311 0.244526 0.05724 0.0783844 0.922324
0 0.311228 0.34914 0.0686633 0.107372 0.906526
0 0.719097 0.39974 0.0751842 0.101371 0.903179
0 0.770352 0.254751 0.0530036 0.0797201 0.902843
0 0.605459 0.824525 0.126907 0.178468 0.89941
0 0.0300725 0.491173 0.0597989 0.132964 0.898039
0 0.70056 0.307841 0.0619594 0.0798026 0.894919
0 0.85429 0.329067 0.104548 0.235747 0.893469
0 0.908106 0.533803 0.0945808 0.138988 0.89326
0 0.804352 0.438843 0.0816912 0.103683 0.886577
0 0.951485 0.250472 0.0968178 0.261442 0.886479
0 0.67264 0.256913 0.0544435 0.0741813 0.872097
0 0.728163 0.22207 0.0460571 0.0663347 0.869659
0 0.301498 0.133893 0.0435171 0.0554677 0.864038
0 0.201581 0.097178 0.0381052 0.052743 0.840694
0 0.515345 0.1001 0.0392643 0.0487192 0.833327
0 0.700001 0.191083 0.046551 0.067367 0.82943
0 0.271525 0.201522 0.05045 0.0729691 0.804006
0 0.502623 0.0727007 0.0332383 0.0505383 0.800363
0 0.275062 0.100245 0.0376844 0.0569165 0.760503
0 0.580863 0.0988135 0.0358177 0.0528604 0.727159
0 0.192641 0.0527916 0.0347998 0.0584426 0.703744
0 0.296704 0.0315219 0.0346642 0.0442741 0.641303
0 0.367537 0.0582189 0.0366967 0.0600562 0.628917
0 0.594206 0.132134 0.0341034 0.0568954 0.507896
0 0.231211 0.0130874 0.0291023 0.0260441 0.288175
0 0.909702 0.518741 0.0966053 0.175755 0.915045
0 0.771939 0.255807 0.0488138 0.0795308 0.908957
0 0.70101 0.307998 0.0611996 0.0829527 0.904595
0 0.806572 0.44039 0.0798825 0.101461 0.904563
0 0.6092 0.822602 0.134662 0.187157 0.889462
0 0.952761 0.248567 0.0944775 0.272208 0.889371
0 0.718635 0.399172 0.0730384 0.0992797 0.887772
0 0.303585 0.133907 0.0412019 0.0558582 0.887029
0 0.857368 0.330454 0.104142 0.248841 0.886925
0 0.31095 0.349049 0.0713632 0.109491 0.884759
0 0.20189 0.0975781 0.0378998 0.0530136 0.87872
0 0.278469 0.242657 0.0527426 0.0766622 0.878178
0 0.275465 0.10123 0.0354095 0.0513636 0.878074
0 0.729473 0.222609 0.0426939 0.0655087 0.874429
0 0.671019 0.258594 0.0551123 0.0692594 0.866862
0 0.296793 0.0328054 0.0306569 0.0433088 0.86397
0 0.0307932 0.490365 0.060815 0.134238 0.845871
0 0.193134 0.0540374 0.0339841 0.0531539 0.841449
0 0.699606 0.191367 0.0462835 0.0658077 0.82557
0 0.367044 0.0535766 0.0375452 0.0639128 0.807471
0 0.272934 0.201437 0.0522618 0.066845 0.66298
0 0.514797 0.100115 0.0344534 0.0423926 0.336643
