0 0.835312 0.495607 0.0941257 0.152205 0.927735
0 0.355323 0.225244 0.0528698 0.0681569 0.927281
0 0.74637 0.265239 0.054917 0.0863532 0.92594
0 0.126034 0.383526 0.0750456 0.141293 0.91617
0 0.791908 0.330621 0.0664515 0.0966029 0.912137
0 0.269816 0.327911 0.066379 0.0841058 0.9097
0 0.251661 0.885958 0.154742 0.189159 0.909513
0 0.0998728 0.200292 0.0974136 0.228341 0.905889
0 0.658703 0.187801 0.0462605 0.0647837 0.902998
0 0.808859 0.0399825 0.0413491 0.0799649 0.897566
0 0.277525 0.551537 0.0908109 0.128317 0.89517
0 0.294126 0.194612 0.0442931 0.0681632 0.892695
0 0.191046 0.247004 0.0903132 0.195616 0.890964
0 0.739285 0.0863209 0.0368372 0.0652436 0.886237
0 0.680966 0.144751 0.0405306 0.0589008 0.885812
0 0.755643 0.134492 0.039863 0.060011 0.88172
0 0.30424 0.288544 0.058444 0.0789923 0.880143
0 0.389804 0.190692 0.0434671 0.0642247 0.874577
0 0.342386 0.169765 0.0407672 0.0584819 0.865298
0 0.0245931 0.918887 0.0489207 0.161134 0.854482
0 0.493079 0.0951911 0.0354013 0.0532249 0.848789
0 0.506203 0.0716451 0.0347268 0.0465889 0.666869
0 0.577949 0.067905 0.0305106 0.0418555 0.654796
0 0.377139 0.142194 0.0402349 0.0535263 0.583954
0 0.259215 0.992649 0.0808261 0.0147013 0.3442
0 0.249737 0.887394 0.157453 0.189704 0.913042
0 0.792421 0.328807 0.0701962 0.097877 0.910597
0 0.832773 0.491542 0.0854286 0.145026 0.906373
0 0.101293 0.200283 0.0954179 0.234524 0.903549
0 0.355576 0.227445 0.0513696 0.0707222 0.903233
0 0.191641 0.246399 0.0925925 0.209515 0.900233
0 0.657401 0.187126 0.0496758 0.0631841 0.899289
0 0.745659 0.264657 0.0575373 0.0822574 0.89798
0 0.124378 0.385702 0.0770187 0.136133 0.893867
0 0.389336 0.193547 0.0412704 0.0606375 0.890558
0 0.808842 0.0407876 0.0406463 0.077622 0.883623
0 0.276221 0.55238 0.0946498 0.136633 0.879655
0 0.293136 0.193652 0.0447861 0.0675337 0.878749
0 0.679526 0.142473 0.0424526 0.0582658 0.87805
0 0.754492 0.135593 0.0415239 0.0597868 0.874183
0 0.739052 0.0878292 0.0373288 0.0569788 0.86844
0 0.267439 0.329395 0.0598668 0.0846367 0.860044
0 0.34026 0.170745 0.0372046 0.059011 0.857566
0 0.303995 0.289731 0.057747 0.0824285 0.853146
0 0.0264473 0.919732 0.0528945 0.159708 0.838068
0 0.375376 0.145599 0.0408732 0.0606676 0.603261
0 0.494744 0.0945685 0.0350106 0.048326 0.494373
0 0.725334 0.0307728 0.0317852 0.0467843 0.384109
