0 0.63181 0.249515 0.0576519 0.079419 0.938134
0 0.224496 0.347581 0.0686246 0.0928524 0.932953
0 0.705169 0.388438 0.0731958 0.107741 0.928597
0 0.269399 0.409669 0.0800422 0.120155 0.928501
0 0.874435 0.293473 0.161468 0.343985 0.917821
0 0.550252 0.351464 0.0729631 0.113303 0.917491
0 0.143105 0.240028 0.0555444 0.0746787 0.916426
0 0.863049 0.709266 0.140814 0.182182 0.91394
0 0.877594 0.54768 0.090416 0.142784 0.896648
0 0.226256 0.189716 0.0485463 0.0716686 0.895877
0 0.393592 0.181313 0.0461772 0.0644061 0.894594
0 0.770614 0.288595 0.0597316 0.0880926 0.89259
0 0.259136 0.232386 0.052466 0.0730029 0.891658
0 0.091687 0.517558 0.0900587 0.128786 0.890111
0 0.537955 0.277647 0.0580367 0.0947637 0.889922
0 0.306634 0.290343 0.0595635 0.0856562 0.888794
0 0.753699 0.226077 0.0497349 0.0714239 0.887393
0 0.645598 0.200517 0.0477689 0.0683635 0.878797
0 0.0870458 0.285229 0.0589292 0.0881838 0.871683
0 0.274625 0.538948 0.099464 0.12876 0.868021
0 0.141884 0.395753 0.0721756 0.0985635 0.860438
0 0.543506 0.217918 0.0535667 0.0740422 0.850489
0 0.170228 0.308448 0.0623481 0.081895 0.848773
0 0.313167 0.182651 0.046756 0.0665047 0.848501
0 0.360865 0.156368 0.0417754 0.0625734 0.827098
0 0.684618 0.336441 0.0688566 0.0947624 0.826554
0 0.736971 0.189884 0.0502334 0.0703455 0.814111
0 0.33073 0.132587 0.0357731 0.0516781 0.790144
0 0.679152 0.140627 0.0385915 0.0657207 0.785658
0 0.2028 0.275425 0.0529973 0.0669034 0.277212
0 0.378694 0.113672 0.0319042 0.0401209 0.271246
0 0.658692 0.167222 0.0425665 0.0621595 0.251519
0 0.549293 0.352303 0.0675368 0.106657 0.932676
0 0.737716 0.168436 0.0474009 0.102231 0.90504
0 0.168777 0.311848 0.0564008 0.0818499 0.904973
0 0.631748 0.24915 0.0543512 0.076591 0.903673
0 0.09155 0.517487 0.0948901 0.127839 0.902516
0 0.8609 0.7014 0.138036 0.167414 0.899751
0 0.143297 0.239096 0.0532823 0.0768298 0.898785
0 0.702645 0.389935 0.0812404 0.106623 0.896751
0 0.306436 0.288451 0.0548151 0.0851689 0.896064
0 0.313711 0.180739 0.0414921 0.0606527 0.889497
0 0.878207 0.550601 0.0928078 0.138383 0.888833
0 0.138904 0.393957 0.0733832 0.0975568 0.886646
0 0.771622 0.292485 0.0561795 0.0900078 0.885912
0 0.224011 0.189193 0.0430748 0.0699815 0.885208
0 0.0863269 0.286235 0.0582382 0.0948306 0.882468
0 0.221444 0.347357 0.0581099 0.0866253 0.875623
0 0.392923 0.181939 0.0445879 0.0611198 0.873949
0 0.275829 0.541881 0.104253 0.140021 0.871279
0 0.25903 0.232814 0.0491316 0.0708156 0.870055
0 0.807606 0.062683 0.0486994 0.12099 0.865389
0 0.268475 0.408234 0.0748653 0.118125 0.863559
0 0.54419 0.213194 0.0483961 0.0749291 0.857069
0 0.6471 0.199743 0.0463329 0.0633617 0.854445
0 0.535481 0.279972 0.057403 0.0783519 0.854148
0 0.685178 0.327473 0.0710394 0.0811494 0.846181
0 0.35821 0.156782 0.0320309 0.0594716 0.837255
0 0.676478 0.135442 0.0409191 0.0641159 0.821987
0 0.752329 0.225359 0.0504534 0.0702789 0.806352
0 0.331067 0.133467 0.0349881 0.0531813 0.801186
0 0.202398 0.2727 0.0525071 0.0567048 0.790192
0 0.750468 0.0864132 0.0309967 0.0488293 0.729861
0 0.873509 0.308583 0.157832 0.31673 0.640067
0 0.345591 0.90569 0.0766911 0.186278 0.612036
0 0.578901 0.162261 0.0441603 0.0730807 0.585721
0 0.693251 0.04653 0.0330465 0.0395733 0.579124
0 0.528684 0.106106 0.0344177 0.0463067 0.553691
0 0.65877 0.164345 0.0451248 0.0550158 0.45132
0 0.733459 0.0309167 0.0312808 0.0453732 0.25546
