0 0.531074 0.259074 0.054357 0.0918856 0.926057
0 0.783587 0.220267 0.118053 0.268442 0.923312
0 0.619487 0.460068 0.0891394 0.118607 0.922542
0 0.204733 0.289215 0.0586859 0.0846447 0.913504
0 0.945365 0.586017 0.109116 0.155594 0.911538
0 0.329728 0.24185 0.0540466 0.072728 0.906961
0 0.631581 0.192364 0.047654 0.0677644 0.905904
0 0.860652 0.698286 0.134151 0.187034 0.905495
0 0.641611 0.297475 0.0638697 0.0886929 0.905085
0 0.362169 0.822442 0.136626 0.183702 0.90487
0 0.117123 0.737016 0.123391 0.165556 0.900458
0 0.252817 0.229047 0.0494175 0.072503 0.90038
0 0.378647 0.0952963 0.0525586 0.0863648 0.895846
0 0.338353 0.162525 0.049532 0.0648571 0.894796
0 0.0849433 0.291821 0.0597812 0.0850005 0.894321
0 0.72949 0.402846 0.0693897 0.11157 0.891332
0 0.547393 0.20874 0.0463913 0.0704805 0.886641
0 0.0300941 0.350615 0.0601881 0.101782 0.881418
0 0.15823 0.231117 0.0532668 0.0792506 0.880161
0 0.294907 0.196809 0.0419691 0.0654204 0.879878
0 0.296213 0.580832 0.1024 0.15627 0.877624
0 0.110471 0.515921 0.0865026 0.119035 0.872861
0 0.150315 0.358706 0.0665055 0.0913447 0.872856
0 0.28353 0.390992 0.0694586 0.101687 0.858071
0 0.13977 0.460491 0.0809044 0.107048 0.853559
0 0.664346 0.156444 0.0420851 0.0606968 0.846751
0 0.396447 0.173532 0.0381403 0.0592273 0.836724
0 0.11932 0.398268 0.0710701 0.0956026 0.812392
0 0.448775 0.146524 0.0448229 0.0574328 0.810537
0 0.265214 0.165779 0.0400971 0.0582648 0.754503
0 0.31055 0.141224 0.0344984 0.0453461 0.648767
0 0.810975 0.0571419 0.0335894 0.0534088 0.640062
0 0.643825 0.250946 0.061068 0.0728984 0.572875
0 0.688204 0.127554 0.0351082 0.0534848 0.48333
0 0.714768 0.105532 0.0360987 0.0631234 0.46657
0 0.577216 0.163755 0.0390249 0.0687703 0.394277
0 0.847935 0.0515812 0.0416475 0.0796128 0.313595
0 0.784987 0.219569 0.114314 0.278616 0.925788
0 0.530987 0.261092 0.0528006 0.0846353 0.91782
0 0.116756 0.738535 0.130251 0.177011 0.911901
0 0.858213 0.689979 0.13238 0.17576 0.911562
0 0.949517 0.585473 0.100965 0.15521 0.902205
0 0.357917 0.823854 0.147715 0.203768 0.898152
0 0.204117 0.28882 0.0564396 0.083721 0.897494
0 0.157164 0.232961 0.0522395 0.0807415 0.897319
0 0.10742 0.516638 0.0893465 0.117692 0.894893
0 0.0851792 0.29175 0.0596999 0.087664 0.893701
0 0.296459 0.577915 0.10762 0.164535 0.890095
0 0.329296 0.242244 0.0547414 0.0782266 0.888412
0 0.380013 0.0969181 0.0562624 0.0959482 0.887071
0 0.281733 0.389822 0.0704947 0.10765 0.88444
0 0.729773 0.400162 0.0691631 0.108665 0.880333
0 0.618951 0.458314 0.0897923 0.113973 0.878489
0 0.151656 0.358068 0.0674725 0.0873656 0.876023
0 0.0301038 0.349865 0.059747 0.104268 0.875895
0 0.252724 0.228851 0.0475726 0.0675368 0.871921
0 0.632172 0.19134 0.0462412 0.0613364 0.869389
0 0.642894 0.277278 0.0637687 0.120099 0.85591
0 0.339965 0.163425 0.0442381 0.061681 0.848952
0 0.295812 0.196014 0.0389468 0.0638861 0.842683
0 0.665427 0.155512 0.0389687 0.0570848 0.839894
0 0.546762 0.208988 0.0446163 0.0597009 0.839053
0 0.135331 0.458275 0.0936109 0.105746 0.832155
0 0.396903 0.174737 0.0378954 0.0583946 0.826833
0 0.714089 0.105279 0.0339147 0.0604446 0.796943
0 0.263369 0.168427 0.0382019 0.063306 0.775668
0 0.848235 0.0502583 0.0427835 0.0958805 0.768568
0 0.64389 0.054209 0.0349604 0.0539315 0.756011
0 0.117162 0.395473 0.0740454 0.0925785 0.748635
0 0.642102 0.295463 0.0631046 0.0850755 0.741212
0 0.577705 0.161264 0.0383751 0.0693298 0.669927
0 0.787425 0.271412 0.115415 0.1897 0.46843
0 0.310848 0.141398 0.0306517 0.0425776 0.42721
0 0.809394 0.0514825 0.0228642 0.0511965 0.389745
0 0.620311 0.131561 0.0502888 0.0785344 0.317436
