0 0.313656 0.352301 0.0741275 0.0979212 0.926726
0 0.341832 0.281112 0.0626059 0.0865747 0.922448
0 0.695488 0.278116 0.0588693 0.0905507 0.921038
0 0.858666 0.35694 0.0683773 0.0997442 0.915398
0 0.0787095 0.595516 0.117065 0.159038 0.91395
0 0.734529 0.351101 0.0686603 0.0945295 0.911196
0 0.388943 0.424378 0.0811065 0.132245 0.9075
0 0.155386 0.504465 0.0993979 0.13242 0.903092
0 0.752259 0.229751 0.0500677 0.0657011 0.898835
0 0.286484 0.565023 0.106212 0.159965 0.894593
0 0.119647 0.396821 0.080015 0.11352 0.886405
0 0.453263 0.319509 0.0684143 0.0998845 0.886134
0 0.827623 0.218108 0.0533527 0.0755248 0.876933
0 0.236017 0.10706 0.0561337 0.11332 0.876813
0 0.801964 0.2872 0.0572777 0.0753289 0.875841
0 0.662666 0.173162 0.0464944 0.0630376 0.860457
0 0.623174 0.199919 0.0478485 0.0683393 0.852692
0 0.207111 0.308678 0.0644869 0.0937077 0.852624
0 0.77249 0.186561 0.0507485 0.0652481 0.849172
0 0.247481 0.256356 0.0582678 0.0817031 0.844495
0 0.691096 0.146226 0.0383825 0.0623505 0.841328
0 0.357932 0.234714 0.0528743 0.0756318 0.833668
0 0.264173 0.21175 0.0551489 0.0867034 0.825932
0 0.67378 0.241897 0.0465357 0.0664705 0.825786
0 0.182559 0.0912277 0.0373181 0.051967 0.824328
0 0.596729 0.131899 0.0402479 0.0572439 0.82135
0 0.455778 0.0474666 0.0451817 0.0740793 0.803009
0 0.500302 0.118825 0.0424433 0.0523052 0.796672
0 0.576161 0.0980157 0.0336329 0.0485946 0.778715
0 0.720999 0.210803 0.0486428 0.070016 0.717609
0 0.318884 0.137599 0.0384297 0.0564902 0.638195
0 0.465983 0.281754 0.051156 0.0800155 0.619183
0 0.547155 0.112849 0.0341064 0.0564828 0.614591
0 0.156433 0.0687192 0.0342991 0.0473841 0.523672
0 0.292655 0.118174 0.0342731 0.0546875 0.437523
0 0.859392 0.356486 0.0710068 0.0982053 0.924402
0 0.288269 0.563093 0.107507 0.165744 0.919083
0 0.158136 0.502344 0.0988289 0.13223 0.907352
0 0.0778256 0.59136 0.113398 0.151122 0.903202
0 0.207698 0.307011 0.0634129 0.0891541 0.898506
0 0.803062 0.287745 0.0564169 0.0770429 0.897612
0 0.31235 0.350901 0.074325 0.0951698 0.892053
0 0.828942 0.218937 0.0519218 0.0787392 0.890305
0 0.389107 0.412538 0.0787766 0.153675 0.889868
0 0.499853 0.118339 0.0393026 0.0471426 0.888988
0 0.73519 0.350665 0.0672517 0.0940547 0.88848
0 0.120998 0.395289 0.0793528 0.103939 0.886257
0 0.249051 0.255356 0.0579797 0.0768326 0.884212
0 0.696222 0.279096 0.0537123 0.0911752 0.881589
0 0.622453 0.199165 0.0455708 0.0626735 0.873042
0 0.754635 0.229712 0.0477041 0.0668652 0.867188
0 0.455773 0.306286 0.0659649 0.12092 0.865553
0 0.343663 0.281467 0.0647206 0.0824766 0.861567
0 0.266311 0.208711 0.053884 0.0826319 0.859177
0 0.772877 0.184541 0.0456236 0.0620683 0.856344
0 0.693584 0.145565 0.0377539 0.0640493 0.837448
0 0.358998 0.232556 0.0532281 0.07058 0.813018
0 0.314496 0.128581 0.0463131 0.0679277 0.802328
0 0.723044 0.207216 0.0409805 0.061053 0.77924
0 0.234436 0.11272 0.0526958 0.103883 0.776148
0 0.320236 0.134517 0.0348011 0.0564622 0.732612
0 0.663715 0.178337 0.0419277 0.0771194 0.731005
0 0.458693 0.049395 0.0408244 0.0769127 0.690508
0 0.184304 0.0908774 0.0324449 0.0471305 0.63872
0 0.454514 0.239412 0.0589183 0.0578961 0.586888
0 0.67408 0.242336 0.047334 0.0651076 0.547136
0 0.29472 0.116062 0.0360137 0.0537597 0.528988
0 0.490092 0.0857692 0.0334093 0.0502012 0.513611
0 0.156456 0.0685907 0.0286575 0.0429447 0.393066
0 0.358233 0.211427 0.0515183 0.107805 0.367343
0 0.251741 0.0324651 0.0299865 0.0414519 0.355375
0 0.297375 0.036685 0.0307322 0.0396583 0.32992
0 0.597391 0.1295 0.03735 0.0540917 0.308918
0 0.363108 0.0635011 0.0266136 0.0384369 0.279938
