0 0.729085 0.391079 0.0748697 0.113601 0.921542
0 0.672381 0.166737 0.0423491 0.0769475 0.919865
0 0.878684 0.458834 0.0821213 0.121596 0.91436
0 0.221266 0.445694 0.0881497 0.122582 0.912147
0 0.305839 0.142404 0.0526018 0.112375 0.91117
0 0.681731 0.0854753 0.0829716 0.151986 0.911147
0 0.183111 0.353529 0.0729047 0.0974975 0.910713
0 0.640737 0.215242 0.0488312 0.0695387 0.909439
0 0.370092 0.128172 0.0395961 0.0651031 0.907245
0 0.346792 0.281927 0.0638513 0.0998915 0.905858
0 0.599399 0.0969642 0.07139 0.131073 0.903236
0 0.857388 0.357811 0.0951527 0.166061 0.899466
0 0.712236 0.494278 0.0895098 0.102891 0.897908
0 0.724491 0.595108 0.101879 0.138076 0.888067
0 0.84851 0.767244 0.133703 0.191877 0.886279
0 0.974868 0.372912 0.0502646 0.174685 0.878808
0 0.0294129 0.638584 0.0584672 0.163173 0.876457
0 0.457683 0.954502 0.152679 0.0909966 0.876171
0 0.714316 0.323521 0.0559832 0.0759409 0.872452
0 0.422252 0.175573 0.0427279 0.0639312 0.872396
0 0.760579 0.953605 0.160327 0.09279 0.860426
0 0.80451 0.294813 0.0561056 0.0793396 0.858731
0 0.251425 0.111995 0.0574565 0.136806 0.857882
0 0.516058 0.128194 0.0402281 0.0559886 0.839864
0 0.431473 0.0648739 0.0320692 0.0499232 0.839695
0 0.166756 0.0507617 0.0639437 0.101523 0.737029
0 0.469071 0.101606 0.0380671 0.0510362 0.703356
0 0.334778 0.0964668 0.0338342 0.0592032 0.593435
0 0.21945 0.0669691 0.0313857 0.0527205 0.479924
0 0.848107 0.766357 0.140066 0.195344 0.910728
0 0.72961 0.391571 0.0726814 0.115335 0.908502
0 0.370807 0.126506 0.0385297 0.0652815 0.902315
0 0.459679 0.952666 0.158918 0.0946663 0.901584
0 0.677817 0.0849489 0.0874636 0.156317 0.90138
0 0.76019 0.951831 0.162221 0.0963387 0.893011
0 0.85953 0.357322 0.0959946 0.166091 0.889378
0 0.222056 0.443621 0.0941807 0.121828 0.889073
0 0.725307 0.598754 0.106564 0.146818 0.888551
0 0.711072 0.497926 0.0923273 0.11745 0.887707
0 0.308541 0.144953 0.0518256 0.11284 0.883683
0 0.182704 0.351572 0.0746562 0.102067 0.880842
0 0.879802 0.459558 0.0858429 0.124174 0.876791
0 0.975079 0.370973 0.0498411 0.177798 0.875979
0 0.425429 0.175462 0.0391659 0.0677706 0.873283
0 0.673941 0.165231 0.0420513 0.0788471 0.870413
0 0.0302305 0.633392 0.0598012 0.162869 0.864974
0 0.347204 0.279608 0.066491 0.0986734 0.860694
0 0.641383 0.214286 0.0475937 0.0683326 0.851768
0 0.71275 0.322599 0.0587608 0.0795456 0.847235
0 0.252647 0.110904 0.0588071 0.141683 0.836208
0 0.174157 0.0481562 0.0499384 0.095298 0.828158
0 0.806786 0.295971 0.0609436 0.0748171 0.767934
0 0.612397 0.0945293 0.0485877 0.134009 0.713595
