0 0.116785 0.239713 0.0799621 0.132421 0.920897
0 0.586389 0.240451 0.0495371 0.0842953 0.920233
0 0.588249 0.320207 0.0664359 0.0962838 0.911973
0 0.124337 0.501977 0.0831496 0.121012 0.908835
0 0.20213 0.278851 0.0589792 0.0837516 0.908234
0 0.233135 0.215574 0.0727896 0.11364 0.903205
0 0.186509 0.869957 0.137809 0.198474 0.900128
0 0.057108 0.329354 0.0634335 0.0824801 0.896708
0 0.649588 0.195985 0.0485327 0.0720213 0.895597
0 0.955698 0.587739 0.0886038 0.18389 0.89543
0 0.4564 0.0566129 0.0791887 0.112942 0.890993
0 0.273233 0.313314 0.0614089 0.087237 0.888889
0 0.108343 0.618164 0.0990033 0.144376 0.888492
0 0.348425 0.217899 0.0508976 0.0704861 0.888282
0 0.618123 0.128756 0.0430046 0.0590272 0.888022
0 0.130999 0.409069 0.0776278 0.106351 0.887406
0 0.743771 0.247879 0.073473 0.163415 0.886252
0 0.32329 0.178933 0.0456267 0.0594854 0.883224
0 0.323355 0.266641 0.0551624 0.0734802 0.879116
0 0.54929 0.0491771 0.0619503 0.0976919 0.875495
0 0.390776 0.18804 0.039238 0.060269 0.866257
0 0.564401 0.189537 0.046018 0.0784874 0.856721
0 0.674737 0.13846 0.0377417 0.0583214 0.850653
0 0.763187 0.0758012 0.075761 0.151602 0.829928
0 0.810537 0.089128 0.0351542 0.0496241 0.826939
0 0.2949 0.539791 0.0904603 0.119673 0.823079
0 0.266951 0.451496 0.0756557 0.10115 0.800496
0 0.0126696 0.39266 0.0248299 0.0967525 0.780803
0 0.578335 0.983122 0.16044 0.0334745 0.539519
0 0.809508 0.0546919 0.0298105 0.0391028 0.520891
0 0.746845 0.168954 0.0724955 0.0978228 0.51998
0 0.489196 0.124137 0.0348373 0.0494312 0.508294
0 0.82683 0.0323751 0.0304029 0.0422546 0.447946
0 0.810309 0.0758706 0.0332233 0.075571 0.406647
0 0.72603 0.0981497 0.0302796 0.0526665 0.253782
