0 0.240898 0.431754 0.0871676 0.117134 0.92238
0 0.322357 0.359778 0.0755553 0.112842 0.906765
0 0.0975697 0.548527 0.105585 0.149411 0.904519
0 0.254104 0.195167 0.0675338 0.141016 0.901364
0 0.40955 0.424402 0.0812563 0.111941 0.901064
0 0.589031 0.916296 0.155572 0.165585 0.896443
0 0.146953 0.367047 0.081317 0.125816 0.896099
0 0.0689334 0.445083 0.0884508 0.120228 0.895968
0 0.262934 0.587335 0.112038 0.145263 0.890314
0 0.331973 0.485049 0.0857295 0.124593 0.889342
0 0.065605 0.75255 0.13121 0.208851 0.888114
0 0.675434 0.132885 0.0365578 0.0586197 0.880983
0 0.361102 0.262696 0.0525836 0.0772986 0.880358
0 0.728463 0.207838 0.0512743 0.0696615 0.873424
0 0.613642 0.183855 0.0484109 0.0635383 0.869881
0 0.388847 0.1358 0.0418303 0.0625491 0.862527
0 0.556082 0.146124 0.0445116 0.0679955 0.860785
0 0.498894 0.0930928 0.0334035 0.0501887 0.849254
0 0.508704 0.124541 0.0374859 0.050895 0.839403
0 0.620851 0.111316 0.0351864 0.0515221 0.833419
0 0.18107 0.0899628 0.0397262 0.0517213 0.825384
0 0.437991 0.0930233 0.0365429 0.0468201 0.814565
0 0.651948 0.16642 0.0397633 0.0581852 0.808452
0 0.240375 0.0811291 0.0347088 0.0509988 0.787006
0 0.53509 0.0845707 0.039007 0.0533389 0.782829
0 0.311319 0.135752 0.0409355 0.0564536 0.74229
0 0.209163 0.0652582 0.0332079 0.0532797 0.544238
0 0.373232 0.230625 0.0450053 0.0743127 0.404424
0 0.334202 0.484482 0.0835062 0.124881 0.909844
0 0.0728341 0.443649 0.0991503 0.125328 0.906555
0 0.730391 0.206414 0.0502838 0.0673889 0.903858
0 0.594164 0.910566 0.163629 0.17827 0.902299
0 0.265181 0.581849 0.114047 0.142997 0.901596
0 0.240465 0.428748 0.0843084 0.11439 0.896165
0 0.411058 0.423459 0.0774395 0.109757 0.894917
0 0.0627329 0.748734 0.123931 0.201018 0.893639
0 0.0984202 0.546432 0.105969 0.139129 0.890006
0 0.313025 0.133971 0.0383614 0.0570047 0.889365
0 0.323 0.356365 0.0750151 0.117005 0.888877
0 0.256129 0.20303 0.0657442 0.124686 0.886914
0 0.362868 0.262386 0.0531816 0.076921 0.877408
0 0.155248 0.367018 0.0703631 0.128253 0.877326
0 0.387603 0.135015 0.0364276 0.0616076 0.875152
0 0.61431 0.184008 0.0467556 0.062511 0.863644
0 0.181658 0.0897452 0.0375807 0.0525699 0.854048
0 0.675663 0.132966 0.0375191 0.057818 0.840615
0 0.24107 0.0823069 0.0322634 0.0492784 0.811073
0 0.209252 0.0636827 0.0270412 0.047728 0.782234
0 0.507376 0.124559 0.0350422 0.0467763 0.737442
0 0.653476 0.165604 0.0373909 0.0554055 0.713646
0 0.293532 0.100725 0.0302346 0.0550554 0.671469
0 0.559017 0.147091 0.0363646 0.059259 0.605077
0 0.603514 0.134886 0.0328409 0.0500966 0.516703
0 0.439487 0.0923964 0.0306133 0.0392211 0.515079
0 0.374802 0.23008 0.0551741 0.0663019 0.488832
0 0.238058 0.130187 0.0375949 0.0529945 0.434645
