0 0.77132 0.299287 0.0655493 0.0898202 0.927298
0 0.585815 0.391392 0.0756909 0.117053 0.916874
0 0.691497 0.335808 0.0733002 0.095703 0.9143
0 0.289366 0.287921 0.0598991 0.0845796 0.901859
0 0.175625 0.301809 0.0622177 0.0895987 0.899382
0 0.752746 0.418803 0.082341 0.111521 0.895034
0 0.748275 0.247178 0.0632727 0.0946551 0.894974
0 0.928825 0.766795 0.141427 0.212314 0.892816
0 0.218016 0.189637 0.0491341 0.0704635 0.892116
0 0.335326 0.231668 0.0542135 0.0815476 0.886426
0 0.236702 0.243932 0.0527431 0.0722477 0.884949
0 0.749431 0.129354 0.0550735 0.116027 0.884938
0 0.717085 0.54658 0.104712 0.164892 0.882621
0 0.290527 0.197348 0.0470533 0.0622771 0.882319
0 0.548921 0.339975 0.0652102 0.0874086 0.876232
0 0.377833 0.146808 0.0426499 0.0579165 0.875609
0 0.964716 0.470649 0.0705675 0.13237 0.869272
0 0.792212 0.107325 0.0375687 0.0547957 0.863999
0 0.651052 0.276634 0.060826 0.0823548 0.86338
0 0.271482 0.162213 0.0428536 0.0630621 0.852519
0 0.36967 0.204268 0.0431029 0.0637261 0.851642
0 0.838436 0.35609 0.0755379 0.100644 0.83458
0 0.637626 0.235261 0.0545208 0.0898784 0.82591
0 0.675639 0.142243 0.0342054 0.0574957 0.822171
0 0.34981 0.125294 0.0387302 0.0588148 0.819583
0 0.525127 0.26963 0.0488913 0.0838564 0.800305
0 0.499577 0.0932378 0.0352761 0.0506366 0.79318
0 0.427049 0.162741 0.0440592 0.0636961 0.776115
0 0.974585 0.656575 0.0508295 0.200086 0.76921
0 0.654953 0.165522 0.0414422 0.0587631 0.761941
0 0.451485 0.109189 0.0387194 0.0544401 0.715321
0 0.816837 0.0849766 0.0379644 0.0502007 0.70478
0 0.470916 0.0820725 0.0306707 0.0441415 0.548116
0 0.55643 0.0944028 0.0414989 0.0473818 0.43912
0 0.31921 0.177253 0.0399078 0.0550544 0.409005
0 0.519266 0.0695906 0.0309565 0.0409007 0.355995
0 0.554802 0.286439 0.0602747 0.0697226 0.319035
0 0.550575 0.324182 0.0672308 0.119937 0.282299
0 0.837761 0.355035 0.0706146 0.104153 0.927599
0 0.773342 0.299451 0.0644156 0.0885361 0.908166
0 0.336085 0.232522 0.0514784 0.0798146 0.904543
0 0.965346 0.469066 0.0691196 0.127782 0.903156
0 0.174007 0.302108 0.0622572 0.0861782 0.899085
0 0.747826 0.243082 0.059791 0.0900862 0.898261
0 0.716729 0.553943 0.10639 0.152656 0.893814
0 0.649053 0.275281 0.0608683 0.0778183 0.892556
0 0.289429 0.288822 0.0592194 0.0850874 0.890531
0 0.690205 0.335571 0.0681561 0.0978315 0.882583
0 0.750806 0.416431 0.0837776 0.110965 0.882136
0 0.378187 0.145984 0.0390686 0.0580943 0.881166
0 0.634478 0.234004 0.0549234 0.0841433 0.877385
0 0.587632 0.390261 0.072326 0.111328 0.876581
0 0.23516 0.244973 0.0492393 0.0706814 0.875807
0 0.214826 0.190141 0.0452496 0.0730115 0.875273
0 0.288767 0.198157 0.0427564 0.0590254 0.866921
0 0.928822 0.76316 0.142355 0.200844 0.851541
0 0.347772 0.12507 0.0326522 0.061002 0.848606
0 0.749093 0.130322 0.0539711 0.11221 0.843864
0 0.978065 0.639464 0.0438702 0.160312 0.841524
0 0.369253 0.204104 0.0412058 0.0603293 0.827795
0 0.656076 0.163702 0.0427745 0.0577995 0.797996
0 0.663246 0.151807 0.0565977 0.0806646 0.793938
0 0.549032 0.337008 0.0603161 0.0903505 0.792699
0 0.524142 0.268907 0.0469363 0.0778966 0.765475
0 0.269371 0.160814 0.039201 0.0588349 0.753366
0 0.556018 0.092889 0.0370787 0.0455504 0.746694
0 0.792088 0.107034 0.0353943 0.0548063 0.731298
0 0.670093 0.140083 0.0445976 0.0580696 0.724819
0 0.724341 0.0692899 0.0346772 0.0489209 0.55312
0 0.317567 0.172403 0.0385617 0.0473131 0.51672
0 0.815867 0.0842626 0.0348289 0.0465833 0.506205
0 0.499294 0.0940282 0.0297739 0.0478701 0.399635
0 0.551101 0.319324 0.0623311 0.118725 0.280626
0 0.450117 0.108168 0.0312647 0.049861 0.270973
