0 0.620087 0.437274 0.0842707 0.126678 0.928517
0 0.354071 0.21328 0.0522674 0.077986 0.925092
0 0.660259 0.300232 0.0648289 0.0878136 0.921713
0 0.716316 0.367099 0.0771356 0.103313 0.918914
0 0.867494 0.386983 0.0781055 0.108271 0.91595
0 0.192922 0.279987 0.0600143 0.0847425 0.912311
0 0.78866 0.321958 0.0679863 0.0955128 0.909759
0 0.305984 0.263645 0.0579289 0.0776624 0.90417
0 0.257721 0.226256 0.0503914 0.0684754 0.901694
0 0.797942 0.461109 0.089698 0.122365 0.900661
0 0.371505 0.116406 0.0357784 0.0585502 0.886366
0 0.803307 0.637508 0.124103 0.171179 0.884573
0 0.639088 0.255307 0.0583651 0.0903667 0.883659
0 0.757859 0.26503 0.0626782 0.0962643 0.877429
0 0.312161 0.18423 0.0461408 0.0627416 0.876385
0 0.292369 0.15003 0.0407634 0.0588069 0.874169
0 0.389707 0.186816 0.0445691 0.0634751 0.859091
0 0.450087 0.148443 0.0431843 0.0612176 0.856916
0 0.780276 0.115429 0.0359821 0.0555108 0.856897
0 0.239091 0.176292 0.0473345 0.0677578 0.856888
0 0.644883 0.180434 0.0431868 0.0621134 0.850153
0 0.526899 0.291857 0.0513511 0.0870824 0.835689
0 0.563293 0.349306 0.0691807 0.138729 0.817585
0 0.494153 0.07534 0.030607 0.0453739 0.797072
0 0.524449 0.0847503 0.0354675 0.0478159 0.766315
0 0.742788 0.138045 0.0579912 0.123828 0.760409
0 0.564293 0.372599 0.0713276 0.0928963 0.760047
0 0.805023 0.0930008 0.0366046 0.0497025 0.756323
0 0.542458 0.0637096 0.0296341 0.0403571 0.736632
0 0.473881 0.0993348 0.0391727 0.0512944 0.628327
0 0.338974 0.158236 0.0356421 0.0418324 0.611725
0 0.845097 0.0442868 0.0292473 0.04635 0.551435
0 0.698964 0.0826672 0.0360335 0.0511977 0.45955
0 0.398222 0.133185 0.0363698 0.0552365 0.359311
0 0.660251 0.15858 0.0343315 0.0595242 0.309759
0 0.994352 0.525749 0.0111906 0.132435 0.266058
0 0.61468 0.0319527 0.0493635 0.0639054 0.259981
0 0.797241 0.460194 0.0893794 0.123066 0.925052
0 0.715667 0.367412 0.0747046 0.104347 0.922205
0 0.354649 0.212916 0.0486176 0.0774477 0.90971
0 0.78902 0.322619 0.0672753 0.0959018 0.907315
0 0.800986 0.635004 0.120508 0.173331 0.904409
0 0.619477 0.435059 0.0833977 0.124696 0.904224
0 0.306177 0.26444 0.0558049 0.0815053 0.902976
0 0.868924 0.385283 0.0751015 0.104476 0.893538
0 0.190948 0.281646 0.0582468 0.0797152 0.89279
0 0.256252 0.225871 0.047668 0.0667984 0.88517
0 0.660908 0.299482 0.0650457 0.0849289 0.879919
0 0.237252 0.177801 0.0461734 0.0701148 0.878619
0 0.758213 0.264385 0.0671465 0.0957462 0.868167
0 0.741872 0.150448 0.0557596 0.098516 0.84959
0 0.698537 0.0829709 0.0352818 0.0524096 0.823538
0 0.637002 0.254628 0.0556998 0.0852093 0.821086
0 0.807789 0.5399 0.0459114 0.0684183 0.819671
0 0.645287 0.179941 0.042315 0.0576164 0.807184
0 0.370406 0.117411 0.0338998 0.0577204 0.804775
0 0.562193 0.369708 0.0618182 0.0985208 0.80182
0 0.309937 0.183871 0.0400917 0.0571443 0.795875
0 0.561986 0.349086 0.0603718 0.140759 0.78972
0 0.526041 0.292653 0.0557374 0.083203 0.77954
0 0.391181 0.18768 0.0426294 0.0637657 0.770039
0 0.291594 0.149068 0.0373531 0.0571325 0.754023
0 0.805437 0.0925362 0.0323353 0.0487573 0.746602
0 0.398199 0.133238 0.0291369 0.0494104 0.592669
0 0.845204 0.0419032 0.0281775 0.0469813 0.408289
0 0.655143 0.155494 0.0477456 0.0559467 0.388644
0 0.777526 0.059896 0.0317642 0.0555785 0.289961
0 0.994918 0.527878 0.00994606 0.10083 0.275039
0 0.656559 0.147585 0.0450936 0.0382568 0.27359
