0 0.256209 0.449469 0.0885961 0.132116 0.924471
0 0.815556 0.303008 0.0565613 0.0821618 0.920565
0 0.418906 0.363269 0.0765209 0.116404 0.9184
0 0.842263 0.915359 0.141742 0.169196 0.908129
0 0.746722 0.154837 0.0696262 0.105037 0.907948
0 0.951523 0.347092 0.0671528 0.099313 0.905427
0 0.465087 0.243061 0.055451 0.0759026 0.903826
0 0.78018 0.257775 0.0568439 0.0809506 0.903822
0 0.942522 0.726802 0.114585 0.162673 0.902224
0 0.872778 0.466226 0.0789188 0.114149 0.901076
0 0.353512 0.235797 0.0476555 0.0747614 0.897557
0 0.70358 0.294882 0.0602305 0.0795124 0.896752
0 0.815427 0.219584 0.0474403 0.0623844 0.894638
0 0.731388 0.448154 0.0801558 0.111751 0.891684
0 0.328636 0.324308 0.0666966 0.0971329 0.888383
0 0.563488 0.843722 0.131861 0.186119 0.88677
0 0.266123 0.138066 0.0704278 0.20357 0.883382
0 0.883736 0.652009 0.108863 0.136412 0.881478
0 0.871505 0.251375 0.0514879 0.069884 0.878507
0 0.842058 0.361607 0.065493 0.0966472 0.878199
0 0.033142 0.649922 0.0660431 0.170409 0.873439
0 0.461144 0.314355 0.0635828 0.0934676 0.871917
0 0.118726 0.329888 0.1266 0.259789 0.858131
0 0.612757 0.183378 0.047585 0.0617754 0.857396
0 0.648305 0.132918 0.0634888 0.0975125 0.847503
0 0.397817 0.139498 0.038587 0.0660976 0.843823
0 0.350991 0.173542 0.0457412 0.0624994 0.83903
0 0.681877 0.251057 0.050301 0.0698359 0.828474
0 0.362384 0.113222 0.0382212 0.0556637 0.82172
0 0.184879 0.0883485 0.0376479 0.0513268 0.818144
0 0.331524 0.150299 0.0410155 0.0609594 0.790195
0 0.0228853 0.452677 0.0453783 0.238148 0.757871
0 0.215416 0.11255 0.0390815 0.0532157 0.755189
0 0.992174 0.4535 0.0156527 0.103984 0.687117
0 0.67025 0.17503 0.0472302 0.0640727 0.681632
0 0.555584 0.149627 0.0462812 0.0570936 0.661948
0 0.405979 0.0329875 0.0677391 0.0659749 0.637372
0 0.160986 0.0631054 0.0371305 0.0603048 0.50853
0 0.317833 0.0863526 0.0358567 0.0533037 0.439516
0 0.458609 0.0987096 0.0372317 0.0440184 0.338181
0 0.567224 0.845511 0.140271 0.20626 0.915286
0 0.467836 0.242108 0.0518442 0.0733007 0.912773
0 0.814805 0.302136 0.0522413 0.0849579 0.908692
0 0.844121 0.913028 0.148361 0.173231 0.908315
0 0.256669 0.449146 0.089702 0.136052 0.90386
0 0.354038 0.235465 0.0456745 0.0694399 0.900043
0 0.952192 0.347386 0.0662632 0.102712 0.897144
0 0.944192 0.729609 0.111615 0.167463 0.89401
0 0.702696 0.297025 0.0601492 0.0787301 0.889579
0 0.650445 0.130096 0.0564621 0.093403 0.888451
0 0.732078 0.447445 0.0827147 0.117202 0.886479
0 0.26855 0.135658 0.0703497 0.209153 0.885893
0 0.881169 0.652467 0.104647 0.150035 0.884721
0 0.419372 0.363538 0.0750378 0.110926 0.883034
0 0.87263 0.252374 0.051263 0.0760844 0.881949
0 0.8434 0.36174 0.065818 0.0942365 0.881215
0 0.872551 0.466008 0.0801483 0.114042 0.878721
0 0.748114 0.153806 0.06662 0.113227 0.87768
0 0.670741 0.173428 0.0454929 0.0648722 0.877099
0 0.614342 0.184023 0.0429859 0.0624516 0.874837
0 0.0364881 0.648033 0.0719721 0.164708 0.871859
0 0.32811 0.325315 0.0649491 0.0964205 0.870984
0 0.815249 0.216189 0.0463909 0.0611729 0.859453
0 0.122021 0.357173 0.120286 0.184436 0.852746
0 0.35098 0.172719 0.0441298 0.0589358 0.848537
0 0.778642 0.25798 0.0538756 0.0780403 0.84678
0 0.0222136 0.448886 0.043631 0.245453 0.837146
0 0.397157 0.138331 0.031357 0.0652789 0.822097
0 0.458794 0.0997568 0.0358118 0.0474476 0.821323
0 0.681702 0.253056 0.0514917 0.0705803 0.813441
0 0.363557 0.11189 0.0349211 0.0565599 0.783479
0 0.465882 0.314665 0.0577826 0.090555 0.771147
0 0.992466 0.455473 0.0148582 0.103003 0.520577
0 0.332172 0.147637 0.0385436 0.0528245 0.489104
0 0.161278 0.0648521 0.0335606 0.055401 0.327292
0 0.184978 0.0882839 0.0342468 0.0505814 0.256076
