0 0.664459 0.312719 0.0623749 0.104511 0.933395
0 0.169155 0.485961 0.0846997 0.107344 0.914372
0 0.280608 0.44677 0.0831523 0.11314 0.912018
0 0.130097 0.366478 0.109431 0.260897 0.908107
0 0.309581 0.285807 0.0578074 0.0752422 0.901729
0 0.91098 0.436546 0.0933735 0.124885 0.898635
0 0.0886639 0.595341 0.103164 0.148911 0.89546
0 0.288665 0.341558 0.0681745 0.087675 0.894755
0 0.208451 0.27772 0.0580364 0.0838812 0.893708
0 0.475373 0.932975 0.153051 0.133744 0.892716
0 0.70697 0.220161 0.0514013 0.0735044 0.885762
0 0.276987 0.210343 0.0474186 0.06971 0.880333
0 0.379897 0.145196 0.0408784 0.0617776 0.869158
0 0.716511 0.118654 0.0382903 0.052774 0.859924
0 0.831137 0.0456029 0.034004 0.0536445 0.855283
0 0.732411 0.186998 0.0445074 0.0729544 0.854809
0 0.0378998 0.271069 0.0754553 0.278666 0.853017
0 0.745651 0.0847809 0.0361824 0.0591346 0.842921
0 0.24988 0.24157 0.047139 0.0682993 0.842215
0 0.815706 0.0862175 0.034543 0.0506303 0.827901
0 0.456161 0.113619 0.0328259 0.0473208 0.769147
0 0.390904 0.109476 0.036666 0.0532023 0.739287
0 0.671672 0.0386647 0.0349009 0.0445552 0.639771
0 0.607754 0.0624492 0.0416822 0.072774 0.383374
0 0.464963 0.0785854 0.0385139 0.049211 0.276701
0 0.664197 0.311074 0.0645366 0.0986989 0.910345
0 0.0882361 0.579741 0.107274 0.184962 0.904235
0 0.715257 0.117099 0.0392721 0.0547532 0.903009
0 0.919183 0.433683 0.0748529 0.112362 0.896209
0 0.287375 0.341695 0.069504 0.0870466 0.896008
0 0.280039 0.444493 0.0819803 0.107133 0.888571
0 0.131314 0.362768 0.110365 0.271077 0.885798
0 0.310554 0.286647 0.0597654 0.0734718 0.885229
0 0.209062 0.276326 0.0519148 0.0875655 0.881424
0 0.0391123 0.271292 0.0781798 0.28394 0.881222
0 0.37931 0.145028 0.0416408 0.0593472 0.875783
0 0.474755 0.931836 0.161634 0.13604 0.871954
0 0.170008 0.488267 0.0843556 0.11217 0.868534
0 0.831141 0.0455063 0.0313404 0.0524099 0.868393
0 0.70779 0.220838 0.0518927 0.0716378 0.866278
0 0.745132 0.0879454 0.0329685 0.0498862 0.852368
0 0.24937 0.242831 0.0461987 0.0687101 0.851905
0 0.815101 0.0865414 0.0348892 0.0511979 0.845603
0 0.277074 0.209944 0.0501528 0.0693791 0.838249
0 0.67091 0.0401082 0.0327568 0.0424572 0.834721
0 0.729749 0.183872 0.0483229 0.0541335 0.793782
0 0.389898 0.109636 0.036526 0.0495322 0.392889
