0 0.11679 0.409208 0.0814019 0.117909 0.929785
0 0.790308 0.844359 0.206555 0.311283 0.928678
0 0.218137 0.318236 0.0634861 0.095779 0.915866
0 0.768804 0.209802 0.085724 0.1807 0.912305
0 0.351103 0.232531 0.0527822 0.0747142 0.911763
0 0.692378 0.273595 0.0570013 0.0753284 0.907304
0 0.855831 0.670027 0.109582 0.143707 0.906341
0 0.584118 0.861076 0.128171 0.168538 0.906253
0 0.859578 0.167323 0.093918 0.213105 0.891546
0 0.741593 0.445337 0.0772282 0.113202 0.884033
0 0.838615 0.319979 0.0646292 0.12811 0.882675
0 0.262709 0.164474 0.0428583 0.0647034 0.882663
0 0.299176 0.116849 0.0406117 0.067023 0.881314
0 0.665032 0.23611 0.0536249 0.069648 0.879489
0 0.657442 0.162497 0.041629 0.062786 0.87117
0 0.339775 0.180174 0.0469566 0.0649519 0.870317
0 0.14848 0.0453986 0.064824 0.0907972 0.858453
0 0.448025 0.0755462 0.0378442 0.0489017 0.846957
0 0.228969 0.0546763 0.0388544 0.0896948 0.821706
0 0.358209 0.0498978 0.0318243 0.0419136 0.807699
0 0.193016 0.0401215 0.0280129 0.0440494 0.734696
0 0.601924 0.184731 0.0394352 0.059404 0.678204
0 0.257382 0.0626563 0.0258569 0.0542999 0.642534
0 0.0100713 0.648658 0.0198413 0.175683 0.608843
0 0.344058 0.0310829 0.0305321 0.0456612 0.567301
0 0.218606 0.317592 0.0669074 0.0939389 0.922301
0 0.772686 0.205177 0.0826904 0.186231 0.911965
0 0.860065 0.168611 0.0936483 0.209611 0.907015
0 0.584227 0.860324 0.134868 0.185134 0.906178
0 0.11587 0.408276 0.0791191 0.105918 0.901818
0 0.692141 0.277163 0.0556864 0.0751174 0.898253
0 0.299932 0.117673 0.0404607 0.067239 0.898201
0 0.858209 0.671301 0.117483 0.145013 0.897187
0 0.789109 0.855673 0.211658 0.288653 0.893801
0 0.743342 0.442721 0.0778639 0.110028 0.883259
0 0.657857 0.160674 0.0417772 0.0633137 0.882266
0 0.350886 0.232209 0.0546314 0.0710653 0.881833
0 0.339334 0.180048 0.0452061 0.0650434 0.873548
0 0.600049 0.184888 0.0435982 0.059144 0.872668
0 0.840179 0.322147 0.0671682 0.123092 0.869196
0 0.227963 0.0553151 0.0400828 0.087472 0.867079
0 0.264183 0.165103 0.0416162 0.0629579 0.861662
0 0.664249 0.237616 0.0497234 0.0669654 0.855662
0 0.35878 0.0497306 0.0294072 0.0427929 0.806974
0 0.449265 0.0735531 0.0314699 0.0452741 0.641001
0 0.156484 0.046134 0.0480711 0.0897884 0.594758
0 0.610776 0.139554 0.0293456 0.0534225 0.493546
0 0.00978753 0.650935 0.0195751 0.168147 0.467045
0 0.563491 0.156876 0.0371691 0.052823 0.369484
