0 0.556889 0.324559 0.0691277 0.111217 0.918533
0 0.875908 0.545174 0.116319 0.195754 0.917401
0 0.0327994 0.371627 0.0655987 0.107998 0.913586
0 0.12301 0.50917 0.0853952 0.124158 0.911122
0 0.68917 0.40198 0.0816859 0.120901 0.907326
0 0.230037 0.165477 0.0699186 0.108649 0.906293
0 0.643078 0.214329 0.0455117 0.0715482 0.902922
0 0.131733 0.739352 0.120274 0.160369 0.902568
0 0.0541213 0.829307 0.10723 0.178013 0.897664
0 0.656018 0.297274 0.0635584 0.089712 0.897123
0 0.168433 0.326847 0.0593348 0.0859808 0.896541
0 0.28518 0.322525 0.0629098 0.0836662 0.890869
0 0.103806 0.270025 0.0545833 0.0751606 0.890121
0 0.940182 0.410887 0.116602 0.216975 0.889303
0 0.363786 0.200024 0.0507895 0.0639637 0.888226
0 0.332327 0.142944 0.0601737 0.0949021 0.88072
0 0.200136 0.276041 0.0591522 0.0862658 0.879428
0 0.276939 0.502999 0.0871318 0.121544 0.877617
0 0.162755 0.232585 0.0484614 0.0676166 0.87622
0 0.533358 0.948551 0.160201 0.102897 0.868233
0 0.539333 0.216127 0.0517727 0.0669164 0.85952
0 0.83223 0.299363 0.104995 0.240682 0.857716
0 0.305734 0.186285 0.0525082 0.0684045 0.85544
0 0.301201 0.274553 0.0553084 0.0747073 0.852547
0 0.657432 0.15809 0.04445 0.0593646 0.847278
0 0.142226 0.391843 0.070908 0.106232 0.84655
0 0.617664 0.126077 0.0382974 0.065586 0.844026
0 0.451137 0.135251 0.045323 0.0658487 0.831786
0 0.514399 0.111642 0.0350637 0.0487721 0.819528
0 0.41908 0.164347 0.0473905 0.0591692 0.81433
0 0.795239 0.105296 0.0399881 0.0521097 0.777898
0 0.531143 0.282803 0.0580839 0.0878671 0.76825
0 0.828117 0.0791838 0.0374609 0.0508325 0.748703
0 0.735524 0.124838 0.0740389 0.205218 0.748649
0 0.567304 0.0356236 0.0645724 0.0712107 0.619814
0 0.680466 0.134732 0.0381826 0.0568583 0.466529
0 0.211262 0.98955 0.144384 0.0209007 0.447062
0 0.671662 0.0270132 0.0466931 0.0539928 0.335356
0 0.656282 0.10173 0.0344738 0.0536966 0.316439
0 0.330545 0.139667 0.0599093 0.0978508 0.924393
0 0.135513 0.738626 0.120938 0.164366 0.92079
0 0.938327 0.405061 0.115854 0.222918 0.918897
0 0.533289 0.946482 0.161221 0.107036 0.903864
0 0.657466 0.295722 0.061938 0.0863624 0.900891
0 0.10272 0.269909 0.0534102 0.0794327 0.900872
0 0.0331655 0.371817 0.0655721 0.111364 0.900812
0 0.053227 0.829938 0.106195 0.183879 0.899114
0 0.556411 0.32433 0.0678425 0.105505 0.896967
0 0.122988 0.5075 0.0913408 0.127467 0.896967
0 0.539723 0.213772 0.0471416 0.0634085 0.893227
0 0.363816 0.20097 0.0479455 0.0655626 0.891545
0 0.73313 0.125514 0.0700187 0.198174 0.891407
0 0.169159 0.325926 0.0578555 0.0877883 0.889645
0 0.876838 0.5439 0.114878 0.174881 0.884807
0 0.68809 0.399445 0.0800864 0.117854 0.883826
0 0.161074 0.230596 0.0481076 0.0679706 0.882098
0 0.304947 0.188193 0.0465227 0.0676552 0.881406
0 0.27779 0.502916 0.0924786 0.131759 0.878261
0 0.228344 0.165672 0.0702273 0.115323 0.877824
0 0.641601 0.213426 0.043133 0.0649944 0.876571
0 0.200183 0.274909 0.0562907 0.0810834 0.875776
0 0.658257 0.155679 0.0403535 0.0541145 0.872437
0 0.617046 0.125148 0.0357862 0.0635058 0.871108
0 0.284797 0.324284 0.0625941 0.0845753 0.867442
0 0.140418 0.390457 0.0697882 0.100043 0.85827
0 0.829494 0.298038 0.094537 0.245229 0.850762
0 0.300554 0.275481 0.0559442 0.0746861 0.850157
0 0.530563 0.281527 0.0607082 0.0850511 0.810301
0 0.513235 0.111389 0.0340372 0.0466515 0.79126
0 0.420846 0.166426 0.0445838 0.0573239 0.617888
0 0.215531 0.988747 0.161436 0.0216326 0.497813
0 0.827396 0.0794545 0.0349014 0.0477567 0.317216
