0 0.693075 0.141195 0.04928 0.110664 0.940396
0 0.65284 0.282655 0.0629005 0.100684 0.933357
0 0.120901 0.458824 0.0813698 0.122268 0.929021
0 0.27005 0.390572 0.0772657 0.113264 0.925754
0 0.328442 0.166632 0.043031 0.0798882 0.919123
0 0.318833 0.0866457 0.0826193 0.156208 0.90695
0 0.289364 0.494444 0.0871625 0.103048 0.9061
0 0.777957 0.445932 0.0911694 0.122531 0.90416
0 0.358982 0.215099 0.0469991 0.0680299 0.904036
0 0.276423 0.596483 0.102019 0.136646 0.897865
0 0.142014 0.359803 0.0942973 0.158872 0.893652
0 0.575742 0.175382 0.0404491 0.0619983 0.890525
0 0.151522 0.767696 0.130047 0.190926 0.890195
0 0.818201 0.354763 0.0720898 0.0983494 0.888773
0 0.969631 0.637676 0.0607386 0.167536 0.880213
0 0.630184 0.128769 0.0371628 0.0650605 0.879799
0 0.194917 0.294525 0.0591065 0.0796651 0.868653
0 0.539331 0.953652 0.159595 0.0926966 0.866039
0 0.749871 0.113088 0.0587973 0.13515 0.858932
0 0.832517 0.0510419 0.0592594 0.100478 0.857057
0 0.285161 0.324407 0.0596968 0.0784998 0.854938
0 0.39891 0.0971631 0.0655471 0.128937 0.851101
0 0.530889 0.102411 0.0385903 0.0511759 0.847851
0 0.0251514 0.372423 0.0497216 0.174142 0.847486
0 0.237 0.953866 0.156337 0.0922682 0.843982
0 0.567338 0.065505 0.032691 0.0500738 0.84258
0 0.665857 0.0965984 0.0345625 0.059235 0.812702
0 0.780253 0.0669807 0.0299282 0.0546893 0.667686
0 0.485639 0.127689 0.0400899 0.0550975 0.640252
0 0.0113855 0.971486 0.0226537 0.0570288 0.412265
0 0.694344 0.0759099 0.0274942 0.0387355 0.303537
0 0.652784 0.279489 0.0661176 0.0988528 0.923532
0 0.817879 0.35288 0.0726879 0.0987362 0.921604
0 0.320069 0.0860953 0.0863674 0.155343 0.915967
0 0.152306 0.769816 0.140567 0.20011 0.911099
0 0.357562 0.214637 0.0470681 0.0672528 0.897445
0 0.270088 0.391053 0.0747495 0.110938 0.89607
0 0.141296 0.359516 0.0981534 0.164194 0.895793
0 0.777983 0.443891 0.0891176 0.118129 0.894237
0 0.629922 0.127938 0.0362681 0.0635476 0.886502
0 0.287922 0.500134 0.0906497 0.119257 0.884488
0 0.538112 0.952897 0.160587 0.0940504 0.883261
0 0.27556 0.598793 0.106503 0.14665 0.880003
0 0.693594 0.145385 0.0490234 0.11231 0.874202
0 0.575965 0.175228 0.0435923 0.0650884 0.873259
0 0.237646 0.95173 0.16121 0.0965391 0.872143
0 0.828547 0.0498367 0.0502663 0.0985472 0.871698
0 0.326663 0.165677 0.039942 0.0794638 0.86599
0 0.119539 0.460135 0.0868048 0.123313 0.860438
0 0.285536 0.323439 0.0596989 0.0726148 0.859977
0 0.970433 0.632641 0.0591338 0.162361 0.859443
0 0.0260785 0.368471 0.0518989 0.178014 0.852128
0 0.748579 0.11158 0.060467 0.146327 0.808364
0 0.192672 0.297736 0.0622755 0.0769166 0.801933
0 0.530223 0.102928 0.0363136 0.0459372 0.704244
0 0.399938 0.0980156 0.070543 0.132029 0.467079
0 0.0128129 0.970416 0.0256258 0.0591688 0.365041
