0 0.760712 0.432048 0.0882855 0.118698 0.921481
0 0.63845 0.261329 0.0533358 0.0791346 0.910987
0 0.903079 0.546159 0.108291 0.151715 0.908554
0 0.853503 0.366401 0.0827023 0.127458 0.908294
0 0.677063 0.360783 0.0745927 0.114533 0.906306
0 0.935489 0.750803 0.129023 0.205897 0.902628
0 0.931656 0.445417 0.0877125 0.122727 0.898722
0 0.745999 0.196897 0.069028 0.136141 0.898653
0 0.590284 0.424193 0.0799982 0.112244 0.89716
0 0.408888 0.914343 0.155383 0.171313 0.893368
0 0.736075 0.586912 0.114496 0.144617 0.890442
0 0.670081 0.484085 0.0873444 0.123725 0.88853
0 0.271493 0.208102 0.0519625 0.0707838 0.883972
0 0.324428 0.133503 0.0348722 0.0585426 0.87481
0 0.610588 0.135995 0.0419901 0.0630947 0.867606
0 0.387143 0.183977 0.050777 0.0643831 0.865888
0 0.819272 0.0898063 0.0413033 0.0535679 0.858202
0 0.491582 0.125628 0.0365774 0.0502231 0.853571
0 0.44357 0.146715 0.0414433 0.0698535 0.851144
0 0.379721 0.109782 0.0342456 0.0494183 0.840786
0 0.347905 0.164927 0.0383948 0.0583473 0.839549
0 0.50034 0.0930813 0.0330112 0.0503254 0.834066
0 0.463542 0.0839252 0.0361153 0.0512673 0.830594
0 0.562471 0.0926469 0.0371606 0.0478882 0.830018
0 0.687418 0.135844 0.0390409 0.0555385 0.807364
0 0.758349 0.0834657 0.0342825 0.0465669 0.769208
0 0.790518 0.0645561 0.0318769 0.0528479 0.685862
0 0.864566 0.0606363 0.0297985 0.0480833 0.42985
0 0.764068 0.131962 0.0401909 0.0547416 0.320931
0 0.574475 0.0649997 0.0297182 0.0451159 0.311762
0 0.736637 0.583198 0.109387 0.146052 0.914924
0 0.677993 0.359217 0.0740412 0.11657 0.908333
0 0.66624 0.483598 0.0843186 0.125766 0.907332
0 0.759901 0.428495 0.0830391 0.119351 0.900743
0 0.270436 0.206636 0.0497509 0.069021 0.898312
0 0.406207 0.910874 0.160314 0.177919 0.894551
0 0.850564 0.367674 0.0780075 0.12793 0.894027
0 0.936365 0.746261 0.127271 0.191543 0.89157
0 0.900917 0.545493 0.108587 0.140662 0.888739
0 0.928496 0.443736 0.0959507 0.12193 0.885833
0 0.588914 0.425818 0.0749767 0.109479 0.885487
0 0.817769 0.0899848 0.0376585 0.0517722 0.875513
0 0.612205 0.134889 0.0372512 0.0591975 0.874408
0 0.635734 0.26125 0.0555229 0.0761142 0.87207
0 0.744715 0.201525 0.0666677 0.127879 0.869128
0 0.687095 0.133766 0.0387048 0.05855 0.863858
0 0.386645 0.182991 0.0461483 0.0601935 0.863483
0 0.324284 0.133166 0.0378782 0.0626667 0.852249
0 0.758503 0.0838498 0.0319819 0.0476285 0.823726
0 0.346383 0.165686 0.0348639 0.0544724 0.818539
0 0.789522 0.064067 0.0287289 0.0493147 0.758035
0 0.625214 0.229431 0.0524591 0.0653282 0.610055
0 0.76194 0.130437 0.041038 0.0540236 0.589047
0 0.396066 0.133531 0.0315141 0.0476199 0.551357
0 0.560474 0.092234 0.0314814 0.0416659 0.506548
0 0.494986 0.125413 0.0315757 0.0442521 0.419415
0 0.460032 0.0850289 0.0311508 0.0518437 0.265973
0 0.380102 0.11194 0.0333351 0.0492512 0.260152
