0 0.16321 0.301517 0.0841094 0.145026 0.924605
0 0.697944 0.352265 0.0741792 0.114483 0.914996
0 0.946049 0.589 0.107902 0.157651 0.910196
0 0.483864 0.921402 0.159352 0.156406 0.907156
0 0.281757 0.31702 0.0622326 0.0946251 0.906422
0 0.143942 0.385357 0.0752655 0.103156 0.904081
0 0.154859 0.773531 0.118368 0.18055 0.901552
0 0.24901 0.47301 0.0836996 0.117924 0.89853
0 0.923155 0.439413 0.0825893 0.123013 0.8974
0 0.0395749 0.318904 0.0791497 0.15657 0.896656
0 0.697288 0.170116 0.0523378 0.124026 0.896024
0 0.448889 0.0777993 0.069138 0.12105 0.894923
0 0.232859 0.250142 0.0560525 0.0718562 0.890953
0 0.114612 0.60672 0.110156 0.157183 0.889117
0 0.364584 0.0714345 0.0770501 0.142869 0.889003
0 0.283342 0.395246 0.070058 0.0915686 0.888468
0 0.556805 0.203803 0.0506195 0.0945733 0.887987
0 0.193428 0.945795 0.147804 0.108411 0.884551
0 0.808663 0.0589803 0.0647347 0.115898 0.880046
0 0.742406 0.134774 0.0618525 0.139205 0.87161
0 0.313339 0.267652 0.0543638 0.0764833 0.867703
0 0.371183 0.735435 0.115761 0.159679 0.8652
0 0.394159 0.179572 0.040486 0.0636605 0.862643
0 0.603975 0.158358 0.0409224 0.0666832 0.852758
0 0.375663 0.137726 0.0406904 0.0739082 0.81943
0 0.62676 0.120674 0.0396914 0.0674465 0.801475
0 0.650676 0.104881 0.030106 0.0591019 0.769574
0 0.00958283 0.437117 0.0191657 0.117921 0.705697
0 0.706642 0.0772607 0.0343035 0.0487948 0.530787
0 0.539339 0.0975852 0.0365589 0.0462046 0.490906
0 0.94754 0.58452 0.104921 0.149846 0.909528
0 0.161294 0.298361 0.0866057 0.143311 0.908358
0 0.555845 0.213516 0.0489627 0.0728976 0.907395
0 0.480527 0.91904 0.164034 0.161385 0.9072
0 0.0401708 0.317449 0.0789161 0.164438 0.9034
0 0.368748 0.736809 0.121186 0.17661 0.897732
0 0.366261 0.0741173 0.081142 0.148203 0.896452
0 0.152036 0.771951 0.127542 0.183209 0.895565
0 0.11407 0.606579 0.112274 0.159068 0.895165
0 0.923731 0.436818 0.0834976 0.118681 0.893269
0 0.696672 0.350549 0.0785223 0.113674 0.891412
0 0.232165 0.250692 0.0550114 0.0746359 0.88792
0 0.190417 0.944794 0.153394 0.110251 0.886878
0 0.280514 0.317174 0.0619051 0.0988164 0.883482
0 0.395141 0.179811 0.0464968 0.06118 0.882312
0 0.627287 0.121138 0.0362696 0.0635233 0.878112
0 0.282845 0.39794 0.0685418 0.0955168 0.875474
0 0.14295 0.386268 0.0732302 0.103993 0.864498
0 0.248584 0.473209 0.0880631 0.119732 0.859869
0 0.31591 0.267787 0.0511928 0.0725932 0.851533
0 0.807987 0.0596935 0.0608675 0.116744 0.850884
0 0.697068 0.172457 0.0570496 0.124477 0.845219
0 0.603779 0.157266 0.0376152 0.0608436 0.844173
0 0.743872 0.139726 0.0570454 0.13119 0.820709
0 0.374086 0.138288 0.0403246 0.073346 0.810196
0 0.5391 0.0995791 0.0342302 0.043498 0.788824
0 0.627591 0.0466211 0.0308694 0.0461977 0.7252
0 0.445839 0.0789663 0.0757579 0.124037 0.656494
0 0.00820262 0.447592 0.0164052 0.101477 0.644386
0 0.68549 0.0417778 0.0289566 0.0487845 0.626781
0 0.553647 0.168035 0.0194508 0.0276788 0.297398
0 0.707603 0.0770505 0.0313467 0.0453696 0.291988
