0 0.716904 0.384043 0.0795383 0.106175 0.939206
0 0.319077 0.253957 0.0564572 0.086744 0.935336
0 0.670322 0.305949 0.066626 0.0909466 0.923257
0 0.759869 0.27572 0.0615561 0.0875458 0.920787
0 0.565439 0.354322 0.077313 0.103683 0.909719
0 0.925482 0.43254 0.0837784 0.123985 0.909378
0 0.655859 0.470579 0.0905637 0.1683 0.89664
0 0.21691 0.264818 0.0551017 0.0739787 0.895943
0 0.195441 0.202914 0.05077 0.0710438 0.895668
0 0.80351 0.652999 0.123806 0.189784 0.894795
0 0.645929 0.25556 0.0578083 0.0778884 0.894367
0 0.811789 0.332189 0.0702023 0.0963375 0.894124
0 0.158017 0.325893 0.0644749 0.0953108 0.884327
0 0.27629 0.317974 0.0623144 0.0863821 0.881783
0 0.920502 0.565466 0.11386 0.142543 0.877081
0 0.35772 0.159701 0.0443812 0.0596977 0.874703
0 0.269371 0.212344 0.0488644 0.0643752 0.867419
0 0.248795 0.173985 0.0443125 0.0643729 0.866848
0 0.328965 0.135635 0.0379685 0.0606342 0.849249
0 0.401581 0.181838 0.0470175 0.0665559 0.846959
0 0.80496 0.100755 0.037158 0.0549245 0.840402
0 0.347848 0.221837 0.0445986 0.0669602 0.840357
0 0.739977 0.228299 0.0583711 0.0917869 0.834048
0 0.540551 0.308633 0.0568041 0.0864985 0.795163
0 0.4965 0.0777446 0.0283504 0.0414458 0.780301
0 0.691507 0.130807 0.0332085 0.0540255 0.779613
0 0.979785 0.67266 0.0403042 0.177182 0.770811
0 0.667976 0.150137 0.0391106 0.0582968 0.757249
0 0.298551 0.193155 0.0418715 0.061689 0.686076
0 0.561126 0.0415171 0.0390842 0.0737502 0.672313
0 0.476651 0.103369 0.035577 0.0510549 0.662037
0 0.755659 0.114946 0.0531137 0.117828 0.65278
0 0.528363 0.106761 0.0387691 0.0493647 0.64855
0 0.831508 0.0772233 0.0362617 0.0496293 0.640157
0 0.427622 0.119933 0.0410116 0.0553383 0.56807
0 0.447455 0.0896065 0.0338229 0.0480213 0.465479
0 0.537085 0.0779513 0.0322783 0.0501969 0.462139
0 0.639148 0.213388 0.051478 0.0788341 0.350408
0 0.528663 0.251434 0.0461623 0.0828866 0.327799
0 0.986484 0.662422 0.0266994 0.177994 0.261178
0 0.812869 0.330188 0.0692629 0.0976571 0.935166
0 0.562424 0.35404 0.0667732 0.103145 0.925215
0 0.716711 0.38392 0.0742428 0.109 0.9142
0 0.156437 0.326587 0.0667974 0.0902295 0.91287
0 0.67056 0.305374 0.0642786 0.0881104 0.903221
0 0.801847 0.648454 0.120763 0.184193 0.899954
0 0.276923 0.318677 0.0622025 0.0890281 0.899741
0 0.1942 0.204975 0.049782 0.0747423 0.898765
0 0.320577 0.253553 0.053598 0.083197 0.898687
0 0.921351 0.563758 0.111946 0.14001 0.898343
0 0.925741 0.429827 0.0844097 0.116692 0.896451
0 0.655172 0.482855 0.0904523 0.141847 0.89388
0 0.760026 0.277214 0.0588703 0.083444 0.885954
0 0.357551 0.159158 0.0412638 0.0599262 0.875523
0 0.216986 0.264771 0.0496579 0.0748242 0.875419
0 0.644772 0.25404 0.0565873 0.0709765 0.849751
0 0.666905 0.147883 0.0371142 0.0586379 0.843428
0 0.740417 0.225889 0.0551739 0.0872659 0.838219
0 0.268447 0.213114 0.0458758 0.0619566 0.836223
0 0.755641 0.105067 0.0525627 0.139459 0.834584
0 0.978811 0.668832 0.0423777 0.170547 0.81981
0 0.34747 0.222959 0.0442856 0.0641082 0.81423
0 0.397263 0.181162 0.034998 0.0602003 0.791143
0 0.804275 0.099481 0.0356056 0.0505014 0.759733
0 0.636279 0.21262 0.0515292 0.0760601 0.729474
0 0.298309 0.188908 0.0396078 0.0517321 0.662472
0 0.327543 0.134337 0.0359717 0.0623399 0.661999
0 0.528612 0.106121 0.036134 0.0456165 0.65144
0 0.830125 0.0761697 0.0325073 0.0435227 0.579222
0 0.248597 0.172751 0.0419304 0.0589956 0.542332
0 0.528565 0.243562 0.0452847 0.0641275 0.498926
0 0.542237 0.307996 0.0658563 0.08495 0.475657
0 0.687024 0.126111 0.0362842 0.0492131 0.325593
0 0.544758 0.259948 0.0666699 0.0554887 0.269489
