0 0.194246 0.25391 0.0806747 0.124033 0.909209
0 0.5586 0.251123 0.0580892 0.106364 0.908547
0 0.0734994 0.275216 0.0819792 0.142414 0.90765
0 0.27647 0.210991 0.0492648 0.0617371 0.905575
0 0.41096 0.0639172 0.0774565 0.127834 0.902832
0 0.126864 0.613187 0.0972046 0.149017 0.901189
0 0.794629 0.446549 0.0940414 0.14557 0.899119
0 0.253802 0.384874 0.0669966 0.10148 0.894957
0 0.171736 0.325769 0.0652154 0.0911771 0.894571
0 0.66059 0.162705 0.0438142 0.0623576 0.892574
0 0.786834 0.0661124 0.0693929 0.131972 0.891687
0 0.348464 0.694387 0.117847 0.14548 0.890483
0 0.440834 0.151248 0.0370819 0.0579438 0.89044
0 0.661878 0.102041 0.0392863 0.0545023 0.890426
0 0.129519 0.771491 0.118515 0.177272 0.889205
0 0.502745 0.0604564 0.059566 0.110623 0.888463
0 0.11269 0.493653 0.092357 0.130758 0.887719
0 0.352771 0.22365 0.0485518 0.0663474 0.883731
0 0.0263011 0.385234 0.0525184 0.0917453 0.880732
0 0.589004 0.195308 0.044065 0.0730536 0.867869
0 0.297353 0.323226 0.0602714 0.0815157 0.867803
0 0.311332 0.261798 0.0569461 0.0779828 0.867435
0 0.837894 0.0720031 0.0345596 0.0498186 0.850771
0 0.714311 0.205566 0.0609222 0.145576 0.848812
0 0.741554 0.164569 0.0623865 0.144409 0.843059
0 0.614513 0.132581 0.0344755 0.067565 0.821868
0 0.594361 0.150999 0.04146 0.0685732 0.778479
0 0.592277 0.163215 0.0406708 0.0517483 0.421412
0 0.703454 0.110073 0.031678 0.050053 0.335818
0 0.751589 0.167636 0.0401356 0.139538 0.303447
0 0.848175 0.0424412 0.0277042 0.0424207 0.250394
0 0.793685 0.442807 0.0923286 0.138379 0.918361
0 0.112306 0.496344 0.0932984 0.13778 0.913743
0 0.558764 0.250228 0.055822 0.1029 0.912478
0 0.347194 0.696239 0.125263 0.161919 0.911028
0 0.295731 0.565826 0.0944599 0.135414 0.899258
0 0.127993 0.772176 0.126283 0.185575 0.895821
0 0.312273 0.263597 0.0569347 0.0847901 0.892065
0 0.0737696 0.274606 0.0851326 0.15159 0.886843
0 0.252555 0.38496 0.0685821 0.0971224 0.88483
0 0.127608 0.614728 0.103102 0.14902 0.883473
0 0.714786 0.211077 0.061708 0.132144 0.881248
0 0.192403 0.2509 0.080296 0.128612 0.881116
0 0.275202 0.210684 0.0509719 0.0650897 0.878965
0 0.171185 0.327008 0.0648978 0.0961789 0.877262
0 0.353185 0.224318 0.0461401 0.0616214 0.876053
0 0.787695 0.0640811 0.0618423 0.128162 0.876004
0 0.297407 0.327082 0.0601777 0.0866941 0.870375
0 0.661451 0.163427 0.0404121 0.0593328 0.861824
0 0.0262164 0.386009 0.0524329 0.0942344 0.854061
0 0.662224 0.10301 0.0379936 0.0514957 0.84521
0 0.588191 0.19224 0.0441395 0.0668902 0.780846
0 0.689971 0.0333953 0.0281158 0.0423323 0.733112
0 0.837582 0.0717492 0.0323425 0.045956 0.555787
