0 0.879074 0.447995 0.082793 0.116654 0.92204
0 0.785681 0.233291 0.0785908 0.122957 0.919254
0 0.905258 0.254975 0.0820019 0.13155 0.917792
0 0.346709 0.178312 0.0453588 0.0670561 0.9162
0 0.877735 0.551582 0.0897194 0.130865 0.91342
0 0.690397 0.292858 0.0572439 0.0748825 0.904097
0 0.738915 0.348119 0.0652088 0.0946092 0.903947
0 0.476915 0.0545014 0.0650366 0.107386 0.900325
0 0.129533 0.51426 0.107344 0.167347 0.899095
0 0.671879 0.237377 0.0531762 0.0778656 0.894314
0 0.359865 0.116607 0.0405339 0.0552901 0.891074
0 0.432703 0.278475 0.0583263 0.110002 0.88954
0 0.885763 0.688327 0.108529 0.161209 0.889255
0 0.768639 0.943028 0.151757 0.113944 0.887912
0 0.813416 0.301205 0.0618357 0.0881423 0.88751
0 0.685431 0.609141 0.105691 0.127835 0.887368
0 0.569066 0.0587644 0.0754883 0.117529 0.88327
0 0.9628 0.355001 0.067556 0.0872119 0.877485
0 0.177244 0.0798561 0.0364981 0.0505685 0.874937
0 0.701053 0.194891 0.0478201 0.0614541 0.869252
0 0.225239 0.0700527 0.0676972 0.139228 0.864279
0 0.414329 0.215468 0.0486924 0.077138 0.854996
0 0.309817 0.127333 0.0377357 0.0577051 0.846225
0 0.62729 0.204191 0.0462077 0.0623775 0.843823
0 0.272698 0.214601 0.0666542 0.173033 0.836612
0 0.403264 0.149921 0.0316428 0.0630189 0.785664
0 0.423175 0.167905 0.0431582 0.0734687 0.650029
0 0.537247 0.139785 0.0395361 0.0537794 0.636158
0 0.172106 0.0497264 0.0331516 0.0435312 0.634207
0 0.420476 0.157961 0.0496556 0.0715156 0.470808
0 0.279584 0.0256883 0.0316243 0.0435515 0.462089
0 0.257941 0.177711 0.0672791 0.151396 0.326031
0 0.887066 0.686599 0.111008 0.162041 0.917997
0 0.68649 0.613364 0.110015 0.147571 0.911161
0 0.131972 0.509169 0.104478 0.15005 0.911145
0 0.904726 0.255626 0.0808178 0.137144 0.911022
0 0.670021 0.240031 0.052191 0.0814478 0.905317
0 0.877451 0.55293 0.0921293 0.133048 0.904696
0 0.788364 0.23335 0.0789501 0.121211 0.903288
0 0.347311 0.179988 0.0442108 0.0651344 0.900438
0 0.273593 0.233375 0.0672543 0.144635 0.898937
0 0.689951 0.296675 0.0576004 0.0795086 0.890437
0 0.225905 0.0708496 0.0663849 0.141554 0.886387
0 0.3608 0.117062 0.038975 0.054235 0.881541
0 0.880465 0.45135 0.088768 0.123589 0.879473
0 0.768316 0.942843 0.158976 0.114016 0.877458
0 0.723513 0.503922 0.0874678 0.124484 0.876121
0 0.627388 0.205467 0.044948 0.0633793 0.871956
0 0.434062 0.287814 0.054404 0.0871531 0.871132
0 0.739186 0.34731 0.0656719 0.0944257 0.867844
0 0.964553 0.356902 0.0661198 0.0892357 0.867721
0 0.814276 0.30351 0.0604672 0.0886572 0.865749
0 0.702627 0.192437 0.0491389 0.061188 0.862111
0 0.415912 0.214939 0.0459326 0.0720141 0.854835
0 0.311753 0.127021 0.0302267 0.0502341 0.810982
0 0.422902 0.168468 0.0435741 0.0730336 0.540639
0 0.477789 0.0530664 0.0627085 0.105267 0.29979
0 0.977404 0.230786 0.0447073 0.171424 0.286726
