0 0.135276 0.428415 0.0747204 0.109532 0.919742
0 0.617389 0.406015 0.0821682 0.13105 0.917733
0 0.0656405 0.3228 0.064172 0.0957953 0.914929
0 0.0633291 0.645723 0.10476 0.145963 0.909652
0 0.27372 0.143922 0.0660255 0.101584 0.906473
0 0.308606 0.269348 0.0576162 0.0753188 0.903004
0 0.691453 0.354323 0.0725163 0.100237 0.902084
0 0.109379 0.57916 0.0978031 0.130152 0.896531
0 0.335217 0.228859 0.0488262 0.068463 0.895364
0 0.170769 0.332422 0.0631165 0.0912529 0.89284
0 0.23856 0.238745 0.0540912 0.07911 0.892744
0 0.369299 0.71977 0.11362 0.15949 0.892521
0 0.6402 0.191602 0.047159 0.0627629 0.891168
0 0.815361 0.510843 0.102572 0.154307 0.89018
0 0.266945 0.400439 0.0724603 0.103842 0.890089
0 0.172652 0.920164 0.143797 0.159303 0.889012
0 0.151417 0.235127 0.0509196 0.0684094 0.888645
0 0.529371 0.267261 0.0591193 0.0766763 0.888426
0 0.200448 0.281708 0.052375 0.078244 0.887571
0 0.124632 0.802568 0.124597 0.174456 0.886634
0 0.551189 0.351445 0.0701639 0.100071 0.879973
0 0.650914 0.258421 0.051156 0.079292 0.876492
0 0.368882 0.123267 0.0612314 0.0969981 0.873826
0 0.585424 0.156075 0.0404183 0.0676582 0.866297
0 0.941202 0.394944 0.11642 0.22929 0.848772
0 0.206151 0.203401 0.0442641 0.0620489 0.83664
0 0.739181 0.156013 0.0797461 0.208101 0.82371
0 0.658572 0.163179 0.0426327 0.0618044 0.813027
0 0.0159669 0.416431 0.0318718 0.106879 0.807557
0 0.502856 0.102486 0.0446657 0.0711696 0.800621
0 0.467001 0.134831 0.0447466 0.0570791 0.795158
0 0.353399 0.160443 0.0479364 0.0623708 0.77312
0 0.412522 0.165909 0.0473095 0.0613529 0.759313
0 0.68178 0.122565 0.035582 0.0520341 0.736582
0 0.617717 0.126519 0.0404623 0.0561994 0.712376
0 0.659773 0.0984378 0.0369621 0.0541432 0.57599
0 0.802889 0.0976765 0.0374071 0.0506115 0.426871
0 0.550549 0.352704 0.0651127 0.0990405 0.939422
0 0.168285 0.919418 0.164193 0.160702 0.91879
0 0.693159 0.355134 0.0691864 0.101831 0.917325
0 0.814046 0.507456 0.0978901 0.145366 0.91146
0 0.124661 0.801872 0.134055 0.187487 0.906894
0 0.149615 0.235022 0.0490603 0.0728793 0.905567
0 0.273269 0.141589 0.0666904 0.112184 0.90459
0 0.617257 0.403879 0.0832774 0.12678 0.898657
0 0.0641724 0.322774 0.0629548 0.100889 0.893637
0 0.650648 0.257713 0.0481539 0.074167 0.893571
0 0.23931 0.238732 0.0512483 0.0769493 0.892972
0 0.0646902 0.64798 0.111936 0.150034 0.890371
0 0.352431 0.159811 0.0438505 0.0633121 0.888505
0 0.308714 0.27189 0.0557713 0.0756897 0.888137
0 0.736078 0.160206 0.0748225 0.201391 0.88458
0 0.33572 0.230512 0.0492484 0.068228 0.8827
0 0.367655 0.723592 0.121111 0.17824 0.881994
0 0.170477 0.331667 0.0606845 0.0868961 0.877938
0 0.528719 0.268866 0.0582952 0.0770869 0.877837
0 0.201325 0.281281 0.051876 0.0772324 0.875521
0 0.109223 0.578379 0.102532 0.131598 0.867242
0 0.134079 0.426801 0.0747257 0.109812 0.864564
0 0.266512 0.400373 0.0718184 0.103312 0.860941
0 0.639855 0.189045 0.0472246 0.0611126 0.855532
0 0.0154573 0.416669 0.0309147 0.107236 0.808661
0 0.369409 0.120871 0.0570467 0.0974199 0.789117
0 0.503375 0.102626 0.0444872 0.0709513 0.787833
0 0.584019 0.153506 0.0382007 0.0675598 0.781035
0 0.205461 0.201462 0.0424206 0.0596703 0.76549
0 0.618052 0.125328 0.0351135 0.0574043 0.745258
0 0.657407 0.161234 0.0412621 0.0557577 0.723305
0 0.939995 0.373993 0.120011 0.258024 0.706295
0 0.66061 0.0971316 0.0330822 0.0520228 0.27557
