0 0.766932 0.216221 0.0763933 0.119349 0.923275
0 0.869607 0.407814 0.076573 0.103214 0.919465
0 0.676127 0.266816 0.0560657 0.0707588 0.910502
0 0.256931 0.24971 0.0700288 0.160643 0.90864
0 0.815438 0.868991 0.137431 0.195638 0.908222
0 0.410405 0.320562 0.0657147 0.0950098 0.904011
0 0.877027 0.500065 0.082686 0.120117 0.90285
0 0.882847 0.238083 0.076783 0.132491 0.897201
0 0.0445484 0.589361 0.089077 0.178328 0.892299
0 0.890725 0.618073 0.098394 0.147672 0.891921
0 0.414468 0.239677 0.0495424 0.0841198 0.888428
0 0.727495 0.314169 0.0609995 0.0900782 0.888263
0 0.435653 0.192379 0.04707 0.0765833 0.884845
0 0.350564 0.195893 0.0480474 0.0724687 0.884221
0 0.942945 0.330121 0.061985 0.0808894 0.883108
0 0.544894 0.0562414 0.081181 0.11133 0.881675
0 0.608273 0.186812 0.04259 0.0597474 0.879823
0 0.797385 0.278923 0.0588751 0.0851918 0.878604
0 0.651505 0.217716 0.051536 0.0738169 0.876689
0 0.448611 0.0496823 0.0640881 0.0987004 0.871446
0 0.381754 0.129994 0.0438175 0.0571403 0.858631
0 0.677222 0.17812 0.0458409 0.05893 0.84808
0 0.325933 0.138711 0.038284 0.0575729 0.840358
0 0.73375 0.452405 0.0743044 0.104136 0.836455
0 0.706468 0.541337 0.095267 0.122294 0.794993
0 0.189201 0.0882524 0.0346204 0.0510002 0.793378
0 0.9876 0.3947 0.0247999 0.0934457 0.777214
0 0.233861 0.0752224 0.06355 0.1501 0.734952
0 0.42681 0.983389 0.165417 0.0332221 0.555682
0 0.274427 0.0987911 0.0321053 0.0530722 0.509818
0 0.816756 0.865636 0.137732 0.19464 0.919712
0 0.257717 0.254532 0.0687424 0.146858 0.919321
0 0.0441727 0.583384 0.0879838 0.178543 0.912147
0 0.727346 0.315274 0.061566 0.0879911 0.906272
0 0.875082 0.503656 0.0865276 0.121074 0.904675
0 0.674946 0.270601 0.0525637 0.0787208 0.898995
0 0.767474 0.21494 0.0755089 0.113304 0.898606
0 0.87035 0.412396 0.0838604 0.113739 0.895981
0 0.651542 0.218847 0.0497936 0.0739959 0.892555
0 0.798314 0.281379 0.0562326 0.0859891 0.892054
0 0.893407 0.616107 0.104585 0.147309 0.891078
0 0.88279 0.24031 0.0793358 0.135448 0.890275
0 0.381141 0.129413 0.0388791 0.0551985 0.888707
0 0.706448 0.541557 0.0993866 0.131764 0.885639
0 0.437164 0.191666 0.0441071 0.0725342 0.884018
0 0.352094 0.194501 0.0451679 0.0659461 0.875226
0 0.233424 0.0726788 0.0626412 0.143364 0.873699
0 0.41528 0.239393 0.0483903 0.0788185 0.867224
0 0.734128 0.452004 0.0809074 0.112481 0.863114
0 0.32538 0.136927 0.032604 0.0511301 0.861805
0 0.944305 0.332564 0.0635166 0.0866666 0.854442
0 0.607218 0.190473 0.0426374 0.0594197 0.851083
0 0.411334 0.305953 0.0659597 0.115547 0.84932
0 0.677814 0.175723 0.0487844 0.0561532 0.839308
0 0.987304 0.395627 0.0252998 0.0979931 0.756233
0 0.420477 0.982721 0.157432 0.0343752 0.619534
