0 0.792741 0.312864 0.0735685 0.10738 0.929078
0 0.939662 0.573433 0.102116 0.1511 0.919865
0 0.650684 0.300029 0.0662727 0.0992918 0.914317
0 0.955323 0.457376 0.0891371 0.12094 0.913204
0 0.625218 0.460357 0.0876987 0.111438 0.911103
0 0.728611 0.560394 0.109162 0.158464 0.909924
0 0.228874 0.240787 0.0538589 0.0777165 0.909893
0 0.393102 0.178009 0.0400714 0.0735631 0.902626
0 0.695491 0.357113 0.0755517 0.100665 0.902267
0 0.634027 0.217831 0.0454467 0.0702311 0.898459
0 0.54412 0.349304 0.0669485 0.094041 0.895498
0 0.440086 0.154462 0.0401728 0.0584667 0.891693
0 0.342931 0.219659 0.0523951 0.0704547 0.888081
0 0.741284 0.166809 0.0637203 0.127847 0.887089
0 0.78871 0.442799 0.0914207 0.117945 0.883767
0 0.839686 0.376968 0.0761623 0.106849 0.878574
0 0.504543 0.117797 0.038242 0.0541573 0.877566
0 0.300798 0.192787 0.0455607 0.061972 0.868192
0 0.650363 0.107676 0.0389778 0.0593635 0.866978
0 0.354668 0.157233 0.0418651 0.0559373 0.858528
0 0.334066 0.130264 0.0360137 0.0540685 0.856068
0 0.281967 0.153906 0.0420459 0.0641742 0.849115
0 0.800194 0.0620401 0.0319525 0.0491377 0.847885
0 0.598164 0.389347 0.0702661 0.101806 0.847318
0 0.843627 0.0732305 0.0369942 0.0486228 0.84243
0 0.781866 0.111369 0.0389928 0.0524802 0.828228
0 0.449537 0.11118 0.0379049 0.0523492 0.802385
0 0.541666 0.0609771 0.0301188 0.0411907 0.776638
0 0.571675 0.0670115 0.0340763 0.0464754 0.745696
0 0.522336 0.0804854 0.0345072 0.0495197 0.678452
0 0.41766 0.0985751 0.0364425 0.0567387 0.609796
0 0.833919 0.0457943 0.0286453 0.0473027 0.436177
0 0.712444 0.109057 0.0316528 0.0553038 0.401815
0 0.94081 0.57126 0.0954868 0.144186 0.917298
0 0.727746 0.558811 0.108392 0.15859 0.913697
0 0.650401 0.108842 0.039451 0.0583802 0.904572
0 0.227639 0.240545 0.0542559 0.0737151 0.903722
0 0.789164 0.442762 0.0892878 0.119549 0.902649
0 0.954991 0.454956 0.08946 0.115553 0.889055
0 0.791156 0.309561 0.0703012 0.108951 0.888758
0 0.649373 0.300099 0.0639229 0.100977 0.887171
0 0.696025 0.355932 0.071103 0.0987916 0.886599
0 0.342221 0.219989 0.0520129 0.0669782 0.884055
0 0.596131 0.390348 0.0702959 0.0983598 0.880906
0 0.739497 0.170205 0.0647214 0.121133 0.878694
0 0.63279 0.20528 0.0506029 0.0909175 0.877513
0 0.543205 0.35046 0.0602273 0.0970492 0.873479
0 0.841567 0.376796 0.0730545 0.110325 0.869974
0 0.394353 0.176441 0.0417477 0.0698624 0.864932
0 0.279368 0.154688 0.0412405 0.0637143 0.860575
0 0.353286 0.158056 0.0383188 0.0556165 0.851723
0 0.624044 0.458753 0.0878132 0.109827 0.848702
0 0.29975 0.194536 0.0408335 0.0621858 0.839697
0 0.80122 0.0629482 0.0319756 0.0442479 0.813576
0 0.781654 0.109956 0.0369971 0.0493086 0.752576
0 0.842239 0.0731888 0.0338781 0.0477653 0.730383
0 0.643162 0.0535375 0.0327498 0.0585368 0.602183
0 0.33398 0.130149 0.0354162 0.0542459 0.518373
0 0.711725 0.106964 0.0302588 0.050476 0.317458
0 0.739231 0.0773941 0.029467 0.0584221 0.271738
