0 0.214695 0.234356 0.0784486 0.12052 0.934597
0 0.0941559 0.257575 0.0806023 0.134607 0.918825
0 0.372375 0.20605 0.0445979 0.0625889 0.912924
0 0.120457 0.447851 0.0852073 0.117471 0.912788
0 0.0376152 0.354533 0.0666779 0.0871175 0.912746
0 0.122233 0.552919 0.0893031 0.131251 0.904669
0 0.32855 0.2383 0.0521241 0.076817 0.901316
0 0.261803 0.349069 0.0660274 0.0906727 0.898468
0 0.185834 0.300294 0.062482 0.0863883 0.894688
0 0.31437 0.608719 0.104198 0.128853 0.893736
0 0.869691 0.516543 0.106541 0.16923 0.8884
0 0.309042 0.293501 0.0595777 0.0764935 0.88834
0 0.653165 0.17945 0.0475164 0.0654521 0.888244
0 0.298719 0.193759 0.0475288 0.0623355 0.886787
0 0.113259 0.688699 0.107249 0.160042 0.885696
0 0.822448 0.0801693 0.035804 0.0507885 0.885515
0 0.568935 0.278196 0.0621964 0.11007 0.881709
0 0.524469 0.0545423 0.0678655 0.108071 0.874369
0 0.229474 0.943128 0.154492 0.113491 0.873653
0 0.584037 0.216085 0.0481408 0.0778098 0.873291
0 0.43177 0.059947 0.0748686 0.119706 0.860518
0 0.639454 0.112132 0.0413627 0.0642521 0.859762
0 0.689375 0.12701 0.0345251 0.0567416 0.859729
0 0.727203 0.227279 0.068404 0.152796 0.850221
0 0.77771 0.0699005 0.0687673 0.139198 0.847294
0 0.462002 0.137755 0.0429968 0.0541945 0.837801
0 0.736824 0.197681 0.0725346 0.182999 0.817375
0 0.584251 0.167517 0.0560513 0.0686274 0.769239
0 0.595119 0.148674 0.0354784 0.067027 0.764366
0 0.586889 0.150658 0.0511227 0.068702 0.740071
0 0.827866 0.0494194 0.0330227 0.041246 0.649395
0 0.742017 0.178943 0.0661096 0.143579 0.619849
0 0.719877 0.0248865 0.0307323 0.0452026 0.566492
0 0.850814 0.0240329 0.0280092 0.0423779 0.314741
0 0.0942822 0.25622 0.0828116 0.141823 0.927182
0 0.113583 0.688117 0.112508 0.163468 0.910906
0 0.232332 0.94315 0.158014 0.1137 0.910866
0 0.211856 0.233683 0.0788997 0.123586 0.909763
0 0.310913 0.2961 0.0556421 0.0795408 0.899214
0 0.33045 0.238132 0.0519565 0.0798541 0.898275
0 0.870813 0.508504 0.101927 0.147653 0.896327
0 0.583847 0.215164 0.0463383 0.0719907 0.889737
0 0.118183 0.451641 0.0897449 0.125778 0.889033
0 0.275599 0.50352 0.0876418 0.122246 0.887163
0 0.314862 0.612752 0.112638 0.143459 0.885641
0 0.373452 0.204392 0.0434215 0.0617484 0.88377
0 0.122297 0.557189 0.091885 0.138332 0.882254
0 0.72678 0.232209 0.0655079 0.141797 0.875931
0 0.0364496 0.356863 0.0668363 0.0892079 0.875665
0 0.65352 0.179458 0.0425087 0.0649383 0.873428
0 0.186096 0.302821 0.0611171 0.0892434 0.872644
0 0.260611 0.34759 0.0684424 0.0945155 0.871108
0 0.638778 0.116159 0.0393873 0.0535536 0.871011
0 0.296868 0.193415 0.0468308 0.0583402 0.840138
0 0.77438 0.0696564 0.0657536 0.139313 0.839613
0 0.567235 0.281576 0.0590199 0.0965725 0.833741
0 0.688766 0.126426 0.0309236 0.0516447 0.806302
0 0.577186 0.168911 0.0434572 0.0653296 0.632668
0 0.822243 0.0800559 0.0320015 0.046942 0.489906
0 0.523254 0.0537775 0.0607554 0.105599 0.294745
