0 0.771908 0.436921 0.0819798 0.135113 0.914886
0 0.76145 0.298011 0.0629867 0.0891788 0.904308
0 0.66966 0.167717 0.0445637 0.0616297 0.896259
0 0.111555 0.424143 0.0809911 0.147719 0.891013
0 0.54815 0.0790677 0.0345359 0.0476808 0.890398
0 0.334936 0.24858 0.0549599 0.0711478 0.888192
0 0.301973 0.622516 0.101344 0.139783 0.888123
0 0.247455 0.361436 0.0673253 0.0919131 0.887925
0 0.271707 0.213306 0.0462371 0.0697262 0.88573
0 0.17295 0.272739 0.0945161 0.210358 0.884004
0 0.294405 0.320996 0.0616693 0.0832871 0.880671
0 0.369407 0.211632 0.0472013 0.0630546 0.878175
0 0.0789545 0.213711 0.095185 0.244284 0.878115
0 0.739006 0.24243 0.0540903 0.079201 0.874889
0 0.31825 0.187082 0.0421762 0.0620489 0.874257
0 0.694468 0.129667 0.0375086 0.0557394 0.870566
0 0.832905 0.0349042 0.0400751 0.0698084 0.858799
0 0.768457 0.121385 0.0380421 0.0558406 0.858128
0 0.761828 0.0750351 0.0356742 0.0591532 0.84553
0 0.464457 0.105465 0.0390636 0.0529897 0.795677
0 0.351975 0.160582 0.0429895 0.0611367 0.793442
0 0.351495 0.967276 0.185881 0.0654471 0.718581
0 0.560002 0.0538936 0.0313986 0.0468249 0.669323
0 0.476195 0.078768 0.0339435 0.0478834 0.479572
0 0.707849 0.0258028 0.0293585 0.0466157 0.464528
0 0.766747 0.0174735 0.0327947 0.034947 0.438366
0 0.771099 0.434054 0.0827923 0.133464 0.917453
0 0.761618 0.0769076 0.0361128 0.0556725 0.897757
0 0.334587 0.251397 0.0533257 0.0732289 0.897677
0 0.0803075 0.216031 0.0962477 0.244842 0.895914
0 0.368747 0.212484 0.0459885 0.0620508 0.895076
0 0.110099 0.422911 0.0806525 0.151354 0.893747
0 0.270405 0.21131 0.0453238 0.0732185 0.890691
0 0.73651 0.241655 0.0561189 0.0747529 0.886489
0 0.761264 0.297432 0.066116 0.085941 0.885556
0 0.667773 0.167198 0.0442925 0.0600777 0.88
0 0.767206 0.121894 0.0391684 0.0562102 0.879681
0 0.300948 0.623915 0.102475 0.149824 0.875373
0 0.317171 0.184943 0.0403563 0.0638586 0.870138
0 0.693739 0.127059 0.0376745 0.0560384 0.869623
0 0.172779 0.271509 0.0963991 0.214061 0.86904
0 0.245391 0.362931 0.0669008 0.0921341 0.866443
0 0.294189 0.321428 0.0593306 0.0837098 0.865831
0 0.351571 0.157208 0.0415774 0.0599427 0.857103
0 0.548495 0.078488 0.0338756 0.043218 0.850575
0 0.347779 0.966802 0.186195 0.0663303 0.814239
0 0.691825 0.039793 0.0276555 0.0476014 0.761457
0 0.831979 0.0351522 0.0381157 0.0696219 0.729517
0 0.559254 0.0525984 0.0312775 0.0426775 0.618905
0 0.766243 0.0174626 0.0289079 0.0349252 0.305772
