0 0.864718 0.429076 0.0739868 0.108606 0.915578
0 0.468826 0.267761 0.0596167 0.0777058 0.911946
0 0.875089 0.804791 0.124924 0.176863 0.91022
0 0.183534 0.510975 0.101878 0.155245 0.910131
0 0.934541 0.321744 0.0616459 0.0973655 0.907394
0 0.935002 0.646069 0.105462 0.146329 0.906536
0 0.733855 0.399778 0.0719722 0.102839 0.90368
0 0.726625 0.140374 0.0666713 0.101737 0.903634
0 0.309434 0.353321 0.0704146 0.0998691 0.902563
0 0.828367 0.332678 0.0610653 0.0917839 0.90253
0 0.44853 0.352309 0.0682195 0.0991155 0.900934
0 0.358395 0.189113 0.0475255 0.0665885 0.899447
0 0.383804 0.406695 0.0819369 0.128434 0.897915
0 0.828497 0.920937 0.149991 0.157745 0.890786
0 0.799006 0.28213 0.052035 0.0778265 0.890214
0 0.631355 0.719339 0.113894 0.158887 0.886732
0 0.69119 0.270092 0.0571774 0.0752476 0.88577
0 0.761857 0.238151 0.052092 0.0778817 0.88514
0 0.84884 0.234562 0.0494392 0.0682987 0.881705
0 0.264874 0.151799 0.0776284 0.216509 0.871746
0 0.349285 0.256889 0.0497569 0.0805581 0.867428
0 0.891209 0.579288 0.0997105 0.126663 0.86532
0 0.41478 0.156242 0.0419344 0.0683779 0.854872
0 0.631246 0.12702 0.0611551 0.106008 0.852354
0 0.794716 0.20316 0.0438301 0.059851 0.842503
0 0.664805 0.230881 0.0485075 0.0678144 0.83569
0 0.38326 0.125713 0.043227 0.0604032 0.826781
0 0.342074 0.163548 0.0431833 0.0644425 0.808537
0 0.98543 0.416723 0.0291409 0.103826 0.767042
0 0.498233 0.102762 0.0482149 0.0731249 0.731126
0 0.0621223 0.401266 0.123446 0.218332 0.725854
0 0.318202 0.123169 0.0361649 0.0525997 0.675932
0 0.197237 0.0975249 0.038324 0.0520001 0.599456
0 0.175548 0.0742523 0.0365248 0.0576151 0.530118
0 0.532807 0.134535 0.044861 0.0537556 0.515243
0 0.586289 0.163784 0.0485533 0.0633126 0.422977
0 0.33844 0.097405 0.036481 0.0566568 0.389487
0 0.381466 0.0309612 0.0787013 0.0619078 0.27174
0 0.876115 0.801869 0.131744 0.175883 0.930501
0 0.831029 0.919572 0.156688 0.16055 0.924578
0 0.38424 0.405156 0.0819299 0.12902 0.922988
0 0.450066 0.351774 0.0645184 0.10029 0.920971
0 0.185499 0.507344 0.0977029 0.144638 0.910881
0 0.633044 0.723642 0.121701 0.180888 0.909547
0 0.727146 0.141216 0.0668276 0.111858 0.906793
0 0.358805 0.189671 0.0463635 0.0614261 0.903777
0 0.471792 0.268287 0.0567155 0.0766499 0.900108
0 0.307672 0.353725 0.0703118 0.102261 0.898522
0 0.349521 0.256691 0.0492539 0.0739227 0.89715
0 0.69129 0.271333 0.0571661 0.074981 0.896654
0 0.937486 0.646259 0.106146 0.147026 0.894457
0 0.799031 0.281879 0.0497252 0.0750672 0.891617
0 0.829326 0.332049 0.0600586 0.0915834 0.889075
0 0.734054 0.400734 0.0728666 0.106704 0.887951
0 0.889932 0.580313 0.0983727 0.133932 0.880556
0 0.937102 0.322853 0.063092 0.102472 0.879398
0 0.850064 0.234878 0.0491772 0.0734452 0.879364
0 0.648019 0.160193 0.0428123 0.0611306 0.870351
0 0.496238 0.104214 0.0459456 0.0699294 0.869878
0 0.864514 0.425257 0.0755516 0.107755 0.867346
0 0.760566 0.238302 0.0498986 0.0774902 0.866757
0 0.632624 0.118378 0.0560293 0.0942217 0.861645
0 0.416148 0.154216 0.0399653 0.0695903 0.860817
0 0.266226 0.139814 0.0725425 0.205721 0.852946
0 0.795843 0.201278 0.041792 0.0569383 0.831143
0 0.0673507 0.39034 0.126979 0.200986 0.809027
0 0.664578 0.230371 0.0489531 0.0654994 0.79133
0 0.98402 0.418123 0.0310909 0.105439 0.766963
0 0.342548 0.160575 0.0410255 0.0552955 0.616453
0 0.176628 0.0729256 0.0343441 0.055751 0.308533
0 0.588864 0.16765 0.0437798 0.0550783 0.287405
