0 0.914989 0.326408 0.170023 0.366446 0.951837
0 0.740476 0.429365 0.0852844 0.115736 0.938857
0 0.957078 0.619395 0.0858438 0.162156 0.930962
0 0.635791 0.271544 0.0615574 0.0846335 0.920692
0 0.271402 0.37267 0.0737463 0.111652 0.917839
0 0.276973 0.21589 0.0501321 0.0702732 0.912851
0 0.265975 0.478676 0.0885592 0.121237 0.907298
0 0.793086 0.313622 0.066091 0.0923092 0.907098
0 0.569104 0.392808 0.0759333 0.122785 0.903184
0 0.0992326 0.468102 0.0843971 0.119681 0.89801
0 0.545386 0.31083 0.0629237 0.0934927 0.89601
0 0.643333 0.217632 0.0517309 0.0710053 0.894525
0 0.53934 0.239802 0.0533472 0.076153 0.892962
0 0.319943 0.263327 0.0565341 0.0820903 0.87596
0 0.16407 0.225279 0.0542843 0.0711551 0.874681
0 0.383654 0.145795 0.0417191 0.0603282 0.873501
0 0.711735 0.37011 0.0756511 0.101518 0.871661
0 0.107575 0.267982 0.0570704 0.0843797 0.870515
0 0.335161 0.168685 0.0442892 0.0672473 0.868082
0 0.153946 0.363984 0.0672256 0.0899873 0.866047
0 0.247362 0.177983 0.0430223 0.0692691 0.864266
0 0.189495 0.285644 0.0572911 0.0757657 0.855606
0 0.969242 0.842614 0.0615166 0.205686 0.846581
0 0.758477 0.244357 0.0551901 0.0755608 0.836927
0 0.737499 0.204922 0.0532812 0.0719351 0.832015
0 0.419019 0.163906 0.0451153 0.0611139 0.830179
0 0.252844 0.31684 0.0626874 0.0861409 0.827685
0 0.353249 0.123689 0.035615 0.0504567 0.732071
0 0.221913 0.266719 0.0500496 0.085608 0.732012
0 0.668538 0.152588 0.0389729 0.0675411 0.722796
0 0.568178 0.186947 0.043601 0.0785122 0.618718
0 0.500531 0.118337 0.0412015 0.0495432 0.553205
0 0.433546 0.114103 0.0441958 0.0567205 0.500954
0 0.795205 0.0800337 0.0523757 0.099274 0.384384
0 0.733696 0.182218 0.0496117 0.104613 0.93181
0 0.151123 0.363231 0.0691646 0.090505 0.915963
0 0.792372 0.314068 0.0641338 0.0924333 0.912031
0 0.543784 0.31111 0.061232 0.0873412 0.911692
0 0.106604 0.267581 0.0565582 0.0900227 0.908916
0 0.636695 0.270132 0.0575473 0.0821527 0.905257
0 0.265027 0.478162 0.0914389 0.126637 0.904229
0 0.95722 0.61789 0.085561 0.155195 0.902974
0 0.319648 0.26286 0.0523148 0.0811899 0.90258
0 0.795421 0.0804285 0.049581 0.105884 0.902146
0 0.188451 0.286679 0.0546332 0.0765738 0.89713
0 0.269513 0.371282 0.0751429 0.107144 0.893378
0 0.538241 0.231899 0.0505559 0.0885581 0.889899
0 0.738902 0.427949 0.084602 0.110142 0.886968
0 0.250835 0.314311 0.0585731 0.0802866 0.883503
0 0.569373 0.392486 0.0732552 0.115565 0.880392
0 0.968266 0.838853 0.0634671 0.198672 0.87923
0 0.163033 0.224687 0.0498738 0.0718418 0.878059
0 0.245296 0.17782 0.0412039 0.0683969 0.877134
0 0.0988044 0.468151 0.0908736 0.11442 0.87553
0 0.277998 0.214883 0.0463683 0.0682767 0.87539
0 0.71009 0.36649 0.0761104 0.0959017 0.870972
0 0.333692 0.165261 0.0400676 0.0583478 0.863577
0 0.757364 0.24327 0.0538934 0.0714183 0.862482
0 0.643961 0.216304 0.0497606 0.0669927 0.861623
0 0.666817 0.149994 0.0426935 0.0639537 0.827025
0 0.912651 0.308793 0.174699 0.346194 0.809203
0 0.56851 0.183707 0.0486381 0.0777813 0.80708
0 0.500333 0.117629 0.0372004 0.04648 0.789666
0 0.382278 0.144908 0.0354868 0.057324 0.77312
0 0.731137 0.0968197 0.0328031 0.0516717 0.715479
0 0.21971 0.254504 0.046283 0.060998 0.713833
0 0.651447 0.176423 0.045237 0.0510011 0.506252
0 0.555566 0.0941003 0.0339793 0.0429187 0.32437
0 0.353323 0.120878 0.0329325 0.0475629 0.287793
0 0.657448 0.0584382 0.029907 0.046125 0.281624
0 0.285223 0.730513 0.0624759 0.137565 0.2715
