0 0.341187 0.312664 0.0588503 0.0912013 0.91213
0 0.203045 0.619947 0.109917 0.159303 0.907649
0 0.32561 0.525635 0.100482 0.133797 0.903258
0 0.0523631 0.434441 0.0969108 0.144886 0.899817
0 0.27676 0.436908 0.0880508 0.132421 0.897797
0 0.131952 0.529507 0.106286 0.139795 0.893439
0 0.0616403 0.784259 0.12325 0.194366 0.892437
0 0.244836 0.228307 0.0735379 0.14799 0.891108
0 0.6842 0.178221 0.0464027 0.0639578 0.887664
0 0.733282 0.662874 0.112951 0.150232 0.876562
0 0.4279 0.171994 0.0439293 0.0630948 0.858775
0 0.507777 0.117467 0.0402475 0.0582228 0.856837
0 0.336751 0.162329 0.0435981 0.0612366 0.856741
0 0.63126 0.112962 0.0343993 0.0566793 0.856072
0 0.207288 0.105667 0.042089 0.0556632 0.855634
0 0.254417 0.0843193 0.0344215 0.0559548 0.847938
0 0.281315 0.107919 0.0357548 0.0543826 0.842989
0 0.492964 0.0692894 0.0341501 0.0479458 0.834979
0 0.366636 0.277736 0.0552892 0.0822438 0.826991
0 0.568146 0.148002 0.0455729 0.0649916 0.820344
0 0.459088 0.0992017 0.0360725 0.0442496 0.794189
0 0.448884 0.0731662 0.0353397 0.0497227 0.78304
0 0.169527 0.0768668 0.0370868 0.0487224 0.774794
0 0.608394 0.139854 0.0359989 0.0526711 0.774735
0 0.381476 0.0726414 0.038839 0.050315 0.738305
0 0.555872 0.112616 0.0380512 0.0512315 0.352571
0 0.575731 0.0928063 0.0296679 0.044584 0.350072
0 0.204694 0.616779 0.112471 0.159535 0.909043
0 0.684536 0.177679 0.0467146 0.0646572 0.904723
0 0.0545007 0.43215 0.094622 0.146889 0.904038
0 0.740238 0.665161 0.124411 0.159041 0.899763
0 0.277136 0.436079 0.0859892 0.129036 0.895542
0 0.428951 0.172423 0.0429985 0.0650307 0.895532
0 0.244947 0.232726 0.0743461 0.14417 0.893165
0 0.327361 0.525611 0.0982743 0.13259 0.888665
0 0.0542331 0.779564 0.10738 0.181949 0.880411
0 0.341559 0.313536 0.0595754 0.0890048 0.868378
0 0.130228 0.52624 0.103996 0.133831 0.863459
0 0.255051 0.0846434 0.032618 0.0479847 0.854571
0 0.336268 0.158508 0.0460119 0.062038 0.850192
0 0.207185 0.106953 0.036228 0.0548686 0.846319
0 0.171077 0.0691602 0.0356529 0.0615422 0.841462
0 0.365995 0.275835 0.0620868 0.0796817 0.837454
0 0.506988 0.117222 0.0398397 0.0529787 0.81229
0 0.632471 0.114055 0.0339378 0.0559823 0.764788
0 0.282646 0.107329 0.031327 0.0527567 0.74417
0 0.255533 0.146027 0.0425395 0.0494957 0.739765
0 0.458426 0.0979311 0.0308373 0.0418082 0.720379
0 0.492588 0.0697243 0.0316528 0.0494221 0.587885
0 0.151807 0.523767 0.0607657 0.125976 0.523463
0 0.32346 0.123511 0.030127 0.0688017 0.384519
0 0.326572 0.0366493 0.0285453 0.0405474 0.354367
0 0.232806 0.0241999 0.0343104 0.0359131 0.341918
