0 0.725681 0.394028 0.0791445 0.115466 0.928325
0 0.64333 0.25408 0.0584744 0.0930534 0.927271
0 0.885677 0.544716 0.10862 0.153393 0.920528
0 0.692777 0.128747 0.045476 0.10809 0.919638
0 0.294418 0.0941823 0.0843721 0.15904 0.915759
0 0.113551 0.503771 0.0882228 0.128559 0.910128
0 0.784637 0.32132 0.0651491 0.0920331 0.909948
0 0.37419 0.108403 0.070064 0.132553 0.90691
0 0.134256 0.393064 0.0998566 0.180798 0.906526
0 0.306316 0.679174 0.114894 0.145842 0.90341
0 0.305085 0.182077 0.0445474 0.0824488 0.900416
0 0.271633 0.432479 0.0806953 0.123025 0.899567
0 0.182579 0.879232 0.153959 0.213514 0.899172
0 0.302783 0.555719 0.0961477 0.108975 0.894207
0 0.753612 0.104424 0.0575953 0.124527 0.892688
0 0.646268 0.114286 0.0383121 0.0654947 0.890384
0 0.499219 0.114895 0.0398014 0.0531675 0.878818
0 0.592074 0.157949 0.0441206 0.0615718 0.878521
0 0.275619 0.356902 0.0667034 0.0813337 0.860401
0 0.339624 0.234602 0.0508079 0.0705011 0.86011
0 0.538865 0.0747332 0.0334108 0.0501241 0.850876
0 0.456722 0.145122 0.0371416 0.059087 0.850276
0 0.173054 0.323905 0.0623459 0.0849072 0.822324
0 0.800171 0.0611576 0.0307617 0.0509543 0.768245
0 0.84392 0.0441552 0.052401 0.0882649 0.751631
0 0.0168997 0.40135 0.0336119 0.178996 0.725042
0 0.294886 0.0953492 0.0818798 0.164433 0.931297
0 0.305942 0.682846 0.121432 0.167643 0.914412
0 0.270083 0.433552 0.0819263 0.12283 0.91073
0 0.785243 0.321962 0.0666387 0.0958477 0.907995
0 0.886226 0.540331 0.104889 0.131697 0.906788
0 0.842479 0.046917 0.0493046 0.0931442 0.906519
0 0.183018 0.878158 0.159781 0.217863 0.903634
0 0.133185 0.391517 0.102567 0.172607 0.901249
0 0.725186 0.392525 0.0814562 0.112172 0.9011
0 0.643125 0.251434 0.0591894 0.0894547 0.8976
0 0.303869 0.181585 0.0429866 0.0838882 0.894301
0 0.304589 0.560599 0.103505 0.128537 0.892621
0 0.339621 0.233237 0.0500371 0.0709346 0.885477
0 0.377421 0.107833 0.0819898 0.13788 0.882065
0 0.645199 0.114473 0.0362246 0.0590506 0.870549
0 0.753496 0.105886 0.0583956 0.121759 0.868389
0 0.691405 0.121155 0.0457324 0.126189 0.864081
0 0.112494 0.502688 0.0917155 0.133384 0.863716
0 0.019738 0.400432 0.039476 0.187056 0.819801
0 0.275908 0.353958 0.0628054 0.074112 0.814387
0 0.591011 0.156823 0.0421271 0.0606421 0.796456
0 0.172612 0.324377 0.06433 0.0813464 0.514466
0 0.499938 0.115122 0.0350777 0.0487151 0.501506
0 0.536585 0.0733022 0.0291204 0.0451961 0.423398
