0 0.856446 0.516866 0.1003 0.146488 0.914824
0 0.666051 0.494084 0.0942356 0.145547 0.905795
0 0.532477 0.318844 0.058852 0.091117 0.902549
0 0.675961 0.32811 0.0722965 0.0941268 0.901602
0 0.643523 0.279636 0.0605151 0.0919876 0.901404
0 0.374974 0.194964 0.0503371 0.0729618 0.901317
0 0.922934 0.74297 0.145607 0.200612 0.901286
0 0.811447 0.347916 0.0762393 0.100792 0.90111
0 0.74807 0.403795 0.0831049 0.111882 0.897227
0 0.905649 0.41992 0.0841801 0.117387 0.896211
0 0.590247 0.413436 0.0813262 0.102577 0.89599
0 0.415362 0.1687 0.0433707 0.0611515 0.895843
0 0.772612 0.287709 0.0682594 0.101538 0.892663
0 0.323689 0.239739 0.0550444 0.0748663 0.883591
0 0.210247 0.259781 0.0573459 0.0780399 0.882083
0 0.54798 0.0773524 0.0358538 0.0496598 0.881219
0 0.278441 0.208996 0.0484597 0.0669222 0.876919
0 0.636653 0.199189 0.0445004 0.0671507 0.872475
0 0.259976 0.165085 0.0450746 0.0650141 0.868246
0 0.393423 0.10646 0.0360675 0.0563735 0.849776
0 0.477589 0.132338 0.0411034 0.0559285 0.847413
0 0.739783 0.155135 0.0597092 0.118659 0.841878
0 0.497011 0.0908301 0.037147 0.0508112 0.839942
0 0.31162 0.140226 0.0357885 0.0574926 0.839802
0 0.333314 0.169774 0.0428246 0.0586342 0.836515
0 0.822454 0.0537263 0.0323376 0.0497646 0.812258
0 0.793122 0.101821 0.0363438 0.0518131 0.801326
0 0.673842 0.0959028 0.0403996 0.0571892 0.772481
0 0.42489 0.123564 0.038273 0.0536488 0.721831
0 0.515819 0.067498 0.0284707 0.0424706 0.694623
0 0.576986 0.351876 0.0645605 0.0890478 0.664325
0 0.647679 0.172502 0.0381659 0.0605405 0.45427
0 0.927302 0.627848 0.0613899 0.0730454 0.308853
0 0.564342 0.0570659 0.026413 0.0377296 0.304652
0 0.665294 0.491332 0.0942911 0.144047 0.917638
0 0.375337 0.195526 0.0452995 0.0728839 0.905997
0 0.675203 0.327668 0.0672936 0.0893752 0.899035
0 0.857123 0.512121 0.0989636 0.137042 0.896444
0 0.323725 0.239326 0.0532805 0.0747776 0.896365
0 0.773015 0.285865 0.0674943 0.0984514 0.893881
0 0.747682 0.402045 0.0797112 0.111956 0.893262
0 0.907554 0.418283 0.082914 0.113945 0.889094
0 0.673649 0.0953784 0.0385866 0.0559538 0.887933
0 0.209151 0.259708 0.0565797 0.0766371 0.886847
0 0.64199 0.27599 0.0615047 0.0913907 0.875187
0 0.257695 0.164654 0.0426937 0.066682 0.87416
0 0.813805 0.348507 0.0708244 0.103149 0.872714
0 0.588769 0.413125 0.0758294 0.101311 0.866841
0 0.276886 0.209373 0.0446781 0.0654052 0.858912
0 0.531197 0.320111 0.0559996 0.0890312 0.853828
0 0.64021 0.185938 0.0524568 0.0858935 0.846146
0 0.738284 0.152923 0.0569357 0.121051 0.842069
0 0.821798 0.0521302 0.0295559 0.0475153 0.822395
0 0.755774 0.0702313 0.0294945 0.055486 0.795552
0 0.922197 0.715755 0.14743 0.241081 0.793831
0 0.392483 0.109325 0.0330942 0.0562917 0.728685
0 0.3326 0.171853 0.041176 0.0569785 0.69003
0 0.33243 0.182236 0.0428243 0.0813487 0.672543
0 0.792737 0.101351 0.033935 0.0491276 0.60303
0 0.312464 0.138904 0.0379951 0.0557579 0.555143
0 0.495515 0.0888673 0.0290945 0.0426351 0.360275
0 0.574952 0.351748 0.0680975 0.0882869 0.357406
0 0.854831 0.0635344 0.0278969 0.0484127 0.290768
