0 0.831533 0.32705 0.0588287 0.0871168 0.92336
0 0.122804 0.565487 0.116613 0.151487 0.911807
0 0.875828 0.508418 0.0851334 0.123739 0.910173
0 0.311454 0.4018 0.0806777 0.123018 0.908562
0 0.770534 0.165601 0.0707161 0.106517 0.902705
0 0.668518 0.143577 0.0635453 0.0951733 0.902108
0 0.343487 0.297551 0.0603567 0.0895632 0.898926
0 0.714247 0.322953 0.0619028 0.0859504 0.897176
0 0.947145 0.828189 0.10571 0.178155 0.895581
0 0.357206 0.213674 0.0455689 0.0722348 0.890692
0 0.054172 0.404872 0.10702 0.226525 0.886702
0 0.867861 0.738351 0.121429 0.157751 0.88642
0 0.441451 0.324647 0.0697069 0.109011 0.884735
0 0.464083 0.949201 0.150076 0.101598 0.883728
0 0.461231 0.21595 0.0520422 0.0643584 0.877912
0 0.636313 0.200588 0.0496782 0.0654616 0.877094
0 0.895245 0.269626 0.0541674 0.0755272 0.87577
0 0.967119 0.372847 0.0657614 0.104727 0.874151
0 0.382823 0.124849 0.0399762 0.0646518 0.874003
0 0.838385 0.233519 0.0492638 0.0661128 0.872572
0 0.858241 0.39102 0.0679489 0.102562 0.871965
0 0.164498 0.299435 0.105678 0.240129 0.867848
0 0.342511 0.157385 0.0428416 0.0573928 0.864305
0 0.722458 0.501947 0.0853497 0.122261 0.86164
0 0.800084 0.276574 0.0616481 0.0855272 0.853692
0 0.468612 0.281671 0.0582779 0.0842987 0.839807
0 0.580887 0.165136 0.0465261 0.0591749 0.838686
0 0.171811 0.0791073 0.0362983 0.0495353 0.833128
0 0.699261 0.27544 0.0549091 0.0766886 0.831902
0 0.266409 0.127373 0.0722711 0.195826 0.823872
0 0.485406 0.111968 0.0363936 0.0501486 0.812159
0 0.695065 0.187407 0.0489776 0.0669277 0.789575
0 0.319758 0.135138 0.0391253 0.0562031 0.784312
0 0.205074 0.104644 0.0385023 0.0511472 0.757176
0 0.430339 0.0357434 0.0666709 0.0714868 0.752338
0 0.786318 0.989873 0.142361 0.0202539 0.44942
0 0.548287 0.136296 0.0511871 0.0630412 0.32706
0 0.464307 0.945479 0.157997 0.109041 0.910678
0 0.0618839 0.408189 0.117253 0.220047 0.908344
0 0.865045 0.739735 0.117533 0.167562 0.908108
0 0.947448 0.828979 0.105105 0.186397 0.905234
0 0.830511 0.326093 0.0579912 0.0869899 0.903828
0 0.636612 0.200819 0.0495232 0.0660263 0.897282
0 0.877018 0.506911 0.0888464 0.123349 0.895476
0 0.714805 0.324841 0.0645935 0.0847981 0.894954
0 0.459935 0.213881 0.0478977 0.0652075 0.893137
0 0.124229 0.559876 0.119695 0.14138 0.892848
0 0.670204 0.143604 0.0601248 0.100416 0.887681
0 0.342425 0.296988 0.063689 0.0870982 0.885423
0 0.722809 0.503466 0.0923632 0.134218 0.883424
0 0.443873 0.322458 0.0688654 0.105305 0.882879
0 0.89722 0.268937 0.0529165 0.0816453 0.880754
0 0.268315 0.125085 0.0720208 0.19779 0.880618
0 0.771897 0.165856 0.0709112 0.115113 0.878982
0 0.358151 0.213235 0.042798 0.0680121 0.877181
0 0.695327 0.186285 0.0473333 0.0690012 0.876638
0 0.312016 0.399603 0.0806165 0.120902 0.875671
0 0.858191 0.390281 0.0735149 0.100397 0.872565
0 0.96721 0.371966 0.0655809 0.109801 0.86961
0 0.169724 0.298813 0.099696 0.24825 0.86937
0 0.342047 0.157255 0.0408804 0.0571384 0.869191
0 0.838779 0.231624 0.0469866 0.0654498 0.865499
0 0.383781 0.125086 0.0355639 0.0631353 0.854623
0 0.798733 0.275918 0.0584623 0.0795269 0.84739
0 0.487688 0.11052 0.0342751 0.0460044 0.822468
0 0.471972 0.281369 0.0590036 0.0871975 0.79268
0 0.698204 0.27565 0.056485 0.0743069 0.785069
0 0.172863 0.0800323 0.0328782 0.0494357 0.463203
0 0.787847 0.989141 0.157105 0.0210207 0.460481
0 0.331858 0.0282129 0.0391623 0.0562216 0.368661
