0 0.861929 0.52438 0.100207 0.148341 0.921924
0 0.634192 0.27212 0.0605268 0.0813523 0.917058
0 0.579437 0.40957 0.0816058 0.105883 0.912484
0 0.276598 0.210026 0.0462871 0.0672657 0.907758
0 0.75015 0.591072 0.112976 0.156934 0.906589
0 0.145964 0.853652 0.139114 0.19111 0.906404
0 0.705238 0.364815 0.0643736 0.103859 0.905308
0 0.325678 0.66233 0.117405 0.17646 0.902772
0 0.361336 0.105341 0.0625302 0.0901195 0.902416
0 0.0677045 0.312541 0.064559 0.0878666 0.897232
0 0.187262 0.313273 0.0589411 0.0871209 0.896799
0 0.771948 0.204675 0.108746 0.257635 0.889521
0 0.946084 0.704952 0.107833 0.223593 0.888058
0 0.640093 0.175058 0.0457057 0.0642137 0.8879
0 0.536527 0.235773 0.0486883 0.0821838 0.88536
0 0.423706 0.937265 0.158894 0.125375 0.88492
0 0.317346 0.175624 0.0488924 0.0649604 0.880237
0 0.13686 0.247248 0.0528647 0.0814268 0.879079
0 0.312045 0.26708 0.057083 0.075266 0.877587
0 0.10606 0.436221 0.0747612 0.10428 0.876865
0 0.379326 0.189622 0.050023 0.0605597 0.876648
0 0.236281 0.24523 0.0520912 0.0739826 0.875939
0 0.423102 0.161077 0.0434914 0.056135 0.869782
0 0.559136 0.18931 0.0439804 0.0644442 0.866006
0 0.135881 0.393776 0.0728815 0.0951823 0.865699
0 0.0212949 0.380924 0.0425898 0.106924 0.862063
0 0.119979 0.506302 0.0906769 0.107874 0.861498
0 0.106378 0.570509 0.0935797 0.125468 0.852616
0 0.674815 0.144105 0.0435635 0.0597127 0.840788
0 0.243466 0.177838 0.0418746 0.0596872 0.82267
0 0.593994 0.147965 0.0444811 0.066886 0.819843
0 0.518877 0.108338 0.03909 0.0526324 0.81283
0 0.641268 0.232346 0.0547876 0.0734674 0.809684
0 0.285279 0.434967 0.0759001 0.10772 0.789913
0 0.290235 0.152606 0.0340472 0.0450729 0.710842
0 0.44796 0.111406 0.0475738 0.0588414 0.559014
0 0.112041 0.528657 0.0899342 0.153377 0.48429
0 0.702534 0.115127 0.0352034 0.0544447 0.385011
0 0.704628 0.364015 0.0659177 0.099099 0.928321
0 0.147157 0.855497 0.148037 0.195189 0.928227
0 0.325169 0.662182 0.121511 0.187705 0.9252
0 0.862059 0.522983 0.100933 0.13866 0.922146
0 0.74973 0.591881 0.111068 0.15664 0.909076
0 0.536097 0.235943 0.0474744 0.0807397 0.903318
0 0.358784 0.103417 0.0591476 0.100044 0.896271
0 0.636264 0.255251 0.0582916 0.114984 0.892375
0 0.137836 0.392356 0.0727114 0.0916305 0.892109
0 0.067555 0.314024 0.0620348 0.0889997 0.892066
0 0.136012 0.247551 0.0550901 0.0851292 0.889092
0 0.771409 0.206858 0.102639 0.268017 0.888738
0 0.947478 0.708208 0.105043 0.21437 0.883918
0 0.276688 0.209586 0.0435077 0.067746 0.881312
0 0.318746 0.175795 0.0439687 0.0645218 0.880451
0 0.419786 0.933205 0.171961 0.133319 0.880266
0 0.235626 0.246417 0.0495943 0.0705717 0.880167
0 0.380107 0.190645 0.0484045 0.0623793 0.880155
0 0.311597 0.267909 0.0562091 0.0793074 0.877358
0 0.283686 0.434088 0.0787835 0.114547 0.871566
0 0.67632 0.144391 0.0380637 0.0561155 0.866485
0 0.187049 0.313893 0.0597513 0.0905739 0.866207
0 0.104318 0.57128 0.0960744 0.127589 0.863137
0 0.640235 0.173554 0.0425196 0.0553098 0.858097
0 0.581119 0.40779 0.0793955 0.100631 0.85575
0 0.0219378 0.379045 0.0438757 0.107029 0.854664
0 0.558447 0.188519 0.0407364 0.0621089 0.811183
0 0.635618 0.270259 0.0579648 0.0814069 0.804941
0 0.103784 0.431092 0.0799858 0.0950838 0.797583
0 0.517878 0.109332 0.0379501 0.0506383 0.789151
0 0.241584 0.178173 0.0400562 0.0627575 0.786753
0 0.289849 0.152432 0.0297533 0.0445059 0.368576
0 0.590881 0.146682 0.0394921 0.0606089 0.327684
0 0.700135 0.111918 0.0345875 0.0628113 0.261943
0 0.830414 0.0470857 0.0255833 0.0458458 0.259782
