0 0.838605 0.300464 0.0848888 0.139655 0.912147
0 0.717694 0.31854 0.0638796 0.0900005 0.911008
0 0.85632 0.385502 0.0726013 0.104593 0.908564
0 0.302794 0.169816 0.0555299 0.122345 0.906458
0 0.63696 0.0694565 0.0765546 0.138913 0.906076
0 0.844562 0.772941 0.116312 0.179912 0.90398
0 0.515376 0.921225 0.158772 0.156369 0.903973
0 0.442563 0.204963 0.049563 0.0898286 0.903216
0 0.301641 0.352192 0.0754598 0.113884 0.902977
0 0.0538843 0.589026 0.107227 0.156464 0.90099
0 0.54807 0.0771349 0.0691074 0.123695 0.89772
0 0.749812 0.472923 0.0827085 0.118833 0.895194
0 0.0780853 0.439972 0.0864634 0.122232 0.892529
0 0.960313 0.316956 0.0793732 0.154901 0.892032
0 0.716224 0.395785 0.0710773 0.0939568 0.891437
0 0.76654 0.248635 0.0548573 0.0713869 0.890063
0 0.396077 0.158771 0.0404103 0.0679102 0.886855
0 0.685531 0.267395 0.051104 0.0748415 0.886413
0 0.191725 0.0589958 0.0619213 0.117493 0.882494
0 0.625985 0.143071 0.0382441 0.0622277 0.881249
0 0.884547 0.60747 0.10991 0.157553 0.872748
0 0.604734 0.180017 0.042703 0.0630225 0.87266
0 0.628645 0.735543 0.113942 0.157292 0.871522
0 0.256919 0.136047 0.0595049 0.142287 0.864634
0 0.806225 0.946546 0.141912 0.106645 0.864535
0 0.460448 0.0991685 0.0361908 0.0455401 0.849085
0 0.373201 0.121353 0.0407764 0.0657248 0.824458
0 0.348637 0.105423 0.0282228 0.0659076 0.75827
0 0.372423 0.0472214 0.0334017 0.0453692 0.71979
0 0.992102 0.442142 0.0157957 0.108792 0.699555
0 0.292627 0.0775416 0.0359118 0.0488016 0.495262
0 0.41306 0.0758941 0.0364778 0.0494714 0.394122
0 0.808503 0.944379 0.155087 0.111074 0.920501
0 0.0535579 0.583318 0.106472 0.152838 0.909858
0 0.840078 0.297786 0.0841637 0.150153 0.909734
0 0.886098 0.605991 0.110734 0.156825 0.90696
0 0.444739 0.207047 0.0492916 0.0883635 0.904282
0 0.959889 0.317178 0.0802227 0.159112 0.903952
0 0.847693 0.771637 0.126139 0.180453 0.900357
0 0.630681 0.736902 0.123558 0.176728 0.898517
0 0.767433 0.250897 0.0562269 0.0737856 0.89513
0 0.719502 0.317471 0.0638643 0.0938103 0.894239
0 0.521374 0.919135 0.169141 0.161053 0.890517
0 0.75073 0.474152 0.0858777 0.11996 0.890455
0 0.076341 0.437417 0.0835057 0.121635 0.88822
0 0.303624 0.175025 0.0554196 0.121203 0.888025
0 0.716631 0.397153 0.0694594 0.0940972 0.8851
0 0.30332 0.35068 0.0779998 0.115762 0.884143
0 0.683614 0.267648 0.0496634 0.0714438 0.882369
0 0.857216 0.386773 0.071978 0.104877 0.876461
0 0.396758 0.157852 0.0389068 0.0631213 0.875533
0 0.63448 0.0715478 0.0815282 0.143096 0.873728
0 0.625714 0.137885 0.0403053 0.0737615 0.852561
0 0.606584 0.180573 0.0422359 0.0607523 0.848562
0 0.192882 0.058239 0.0624117 0.115452 0.848283
0 0.372566 0.120462 0.0374423 0.0671947 0.815576
0 0.256562 0.133186 0.0528473 0.145682 0.80351
0 0.292204 0.0778077 0.0320093 0.048088 0.757043
0 0.372466 0.0465029 0.0311287 0.0462263 0.670353
0 0.460541 0.099022 0.032828 0.0458797 0.646512
0 0.349011 0.106969 0.0255184 0.0600613 0.620186
0 0.314993 0.0447551 0.0311839 0.0464978 0.613486
0 0.99157 0.449134 0.0164524 0.0961946 0.556647
0 0.443507 0.169099 0.0216375 0.0300042 0.459331
