0 0.658305 0.313611 0.0580454 0.0922267 0.924101
0 0.722899 0.437973 0.0850883 0.134272 0.921252
0 0.315688 0.178921 0.0480882 0.0649758 0.908264
0 0.867229 0.529938 0.102666 0.140233 0.901092
0 0.945791 0.434052 0.0967224 0.143981 0.897815
0 0.755118 0.230719 0.0742165 0.150139 0.89594
0 0.937711 0.783196 0.124577 0.195103 0.895038
0 0.797541 0.620363 0.111411 0.161513 0.894594
0 0.571878 0.171459 0.0428453 0.0652802 0.886255
0 0.67425 0.526197 0.10145 0.135583 0.882644
0 0.493742 0.117752 0.0410704 0.0577297 0.877844
0 0.71815 0.108666 0.0358929 0.0532612 0.875649
0 0.368125 0.112251 0.0356901 0.057078 0.872896
0 0.265665 0.663072 0.11157 0.151866 0.866017
0 0.662881 0.160697 0.0427359 0.0634812 0.858439
0 0.793271 0.106184 0.0391039 0.0541727 0.854941
0 0.632312 0.277378 0.0522181 0.0815994 0.850016
0 0.745894 0.085108 0.0356371 0.0559587 0.845358
0 0.432713 0.149657 0.0465077 0.0614353 0.84138
0 0.540478 0.0992036 0.035033 0.0438781 0.825351
0 0.831712 0.0760795 0.0380383 0.0503147 0.822326
0 0.507162 0.0686512 0.0339553 0.0495458 0.817667
0 0.552009 0.0742567 0.0340165 0.0489027 0.811993
0 0.392262 0.138298 0.035955 0.0548021 0.77971
0 0.617038 0.0733926 0.0355373 0.0461698 0.749236
0 0.444167 0.112526 0.036618 0.0493712 0.539906
0 0.674172 0.0362763 0.0311331 0.0428759 0.483625
0 0.545755 0.0763558 0.0310266 0.0458035 0.326337
0 0.797284 0.617766 0.111043 0.158224 0.920911
0 0.947883 0.434656 0.0968796 0.145224 0.917805
0 0.722879 0.436731 0.0874236 0.13191 0.913809
0 0.316219 0.177546 0.0473992 0.0636105 0.903846
0 0.754409 0.231395 0.0723799 0.145679 0.897561
0 0.265333 0.665562 0.118706 0.159149 0.892545
0 0.572809 0.171948 0.0485237 0.0669698 0.892061
0 0.869595 0.527251 0.10107 0.131842 0.886472
0 0.658372 0.313173 0.0591135 0.0879439 0.882734
0 0.672607 0.525327 0.0989204 0.128786 0.876311
0 0.946225 0.781156 0.10755 0.183732 0.86653
0 0.792758 0.105642 0.0389835 0.056959 0.856392
0 0.663665 0.158415 0.0444147 0.0601913 0.847831
0 0.716952 0.106686 0.0317778 0.053868 0.840571
0 0.366697 0.114149 0.0341749 0.0580031 0.82538
0 0.745541 0.0827282 0.0302092 0.0494466 0.797874
0 0.83053 0.0682627 0.0343655 0.0608701 0.797717
0 0.631955 0.277396 0.0583941 0.0773058 0.784071
0 0.506941 0.0682632 0.0305595 0.0482774 0.743347
0 0.390428 0.138417 0.035022 0.0502105 0.540479
0 0.494101 0.117287 0.0344296 0.0544325 0.511481
