0 0.321103 0.326567 0.0674975 0.0926664 0.927489
0 0.865083 0.58722 0.136061 0.243543 0.916512
0 0.267494 0.218513 0.0519612 0.0760729 0.905786
0 0.639388 0.713147 0.127325 0.181888 0.904793
0 0.103565 0.421013 0.0821547 0.124457 0.904042
0 0.352208 0.25179 0.0529537 0.0806378 0.902821
0 0.710104 0.162367 0.077211 0.157096 0.901979
0 0.794484 0.134041 0.0897069 0.183617 0.897334
0 0.864367 0.783248 0.131672 0.188365 0.896864
0 0.203581 0.0639124 0.0536625 0.111774 0.894903
0 0.342283 0.166593 0.0469164 0.0730058 0.891005
0 0.275442 0.0840944 0.044051 0.0950821 0.886626
0 0.46645 0.956851 0.166289 0.0862982 0.885336
0 0.630539 0.208733 0.0498086 0.0652617 0.884679
0 0.706572 0.561773 0.0843626 0.119136 0.879619
0 0.778059 0.249894 0.0550417 0.103996 0.875282
0 0.726002 0.333229 0.0622908 0.0922981 0.87373
0 0.325491 0.0943631 0.0394514 0.0691518 0.863007
0 0.606559 0.176634 0.0439041 0.0633992 0.837485
0 0.576806 0.119824 0.0368686 0.0573206 0.791914
0 0.521294 0.133077 0.0409822 0.0514262 0.602506
0 0.888455 0.464547 0.086171 0.0871059 0.593431
0 0.482189 0.111676 0.0373413 0.0465797 0.522086
0 0.479399 0.0818171 0.0357269 0.0466995 0.25084
