0 0.394121 0.823778 0.133011 0.178433 0.910887
0 0.688805 0.348684 0.0675605 0.110645 0.910423
0 0.721361 0.245352 0.0555931 0.0762595 0.90053
0 0.195148 0.438349 0.0816741 0.104133 0.897913
0 0.14228 0.331865 0.099898 0.238304 0.894061
0 0.280763 0.400742 0.075038 0.103414 0.89402
0 0.271842 0.223527 0.0460197 0.0665123 0.891422
0 0.228418 0.255349 0.0521446 0.0775818 0.888584
0 0.0492573 0.251364 0.0981339 0.26518 0.887659
0 0.300109 0.308324 0.062314 0.0814687 0.887099
0 0.969437 0.489316 0.0611265 0.134361 0.879496
0 0.0919304 0.535054 0.0949768 0.135324 0.878133
0 0.697801 0.134621 0.0422281 0.0559712 0.871826
0 0.328267 0.257998 0.0549551 0.0726714 0.867018
0 0.30041 0.191491 0.0448088 0.0702096 0.86403
0 0.730955 0.200253 0.0457947 0.0672884 0.854124
0 0.807152 0.0518193 0.0344371 0.0563009 0.846696
0 0.798383 0.0968965 0.037863 0.0539443 0.826165
0 0.485419 0.0997941 0.0387414 0.0489944 0.806476
0 0.72528 0.0978938 0.0360621 0.0629431 0.785527
0 0.704109 0.0314005 0.0340191 0.0427823 0.751236
0 0.768139 0.0130095 0.0281354 0.0260189 0.686126
0 0.419811 0.098137 0.0359789 0.0520545 0.641726
0 0.408128 0.13168 0.0407687 0.0581795 0.52814
0 0.63521 0.0555147 0.0418455 0.0654752 0.445035
0 0.498704 0.0735403 0.0376419 0.0517506 0.267082
0 0.299337 0.309011 0.0602911 0.0824967 0.916077
0 0.0901081 0.518931 0.0977028 0.173668 0.904958
0 0.392022 0.822561 0.133963 0.184866 0.901689
0 0.696627 0.13345 0.0406404 0.0555295 0.900351
0 0.328796 0.257782 0.0582055 0.0682311 0.891909
0 0.194599 0.439862 0.0784673 0.105511 0.889703
0 0.279787 0.399498 0.0724061 0.100199 0.886033
0 0.0475067 0.248323 0.0950135 0.281045 0.88359
0 0.688921 0.34904 0.0699127 0.110729 0.879556
0 0.228562 0.254949 0.05086 0.0809547 0.878791
0 0.969863 0.488868 0.0602733 0.132589 0.876112
0 0.799094 0.0980557 0.0370111 0.0532126 0.875292
0 0.143724 0.328863 0.106169 0.243549 0.874488
0 0.302007 0.190918 0.0458413 0.0671816 0.866749
0 0.702825 0.0329432 0.0330212 0.0435919 0.865422
0 0.725005 0.101139 0.0355192 0.0518206 0.859604
0 0.271357 0.222436 0.0442181 0.0643304 0.858668
0 0.722899 0.243557 0.0541501 0.0755285 0.854538
0 0.80651 0.0532816 0.0323319 0.0545944 0.838829
0 0.729154 0.197484 0.0474659 0.0585058 0.832209
0 0.496407 0.0714789 0.0334122 0.0484194 0.344676
