0 0.832781 0.755438 0.175695 0.310607 0.928321
0 0.75065 0.192258 0.0830022 0.172618 0.91854
0 0.838703 0.156711 0.0930107 0.204514 0.912487
0 0.740552 0.404316 0.0704345 0.104748 0.9076
0 0.876103 0.590547 0.0929161 0.130755 0.905289
0 0.190841 0.347896 0.0681681 0.102818 0.905156
0 0.0490565 0.457956 0.0930826 0.128653 0.901408
0 0.347378 0.260355 0.0572654 0.0806087 0.89916
0 0.487417 0.931581 0.170527 0.136837 0.895739
0 0.646127 0.735705 0.107811 0.150938 0.891329
0 0.819653 0.295952 0.0601103 0.117943 0.889047
0 0.267556 0.180544 0.0453697 0.0693143 0.887416
0 0.346689 0.197499 0.0458131 0.0648231 0.885181
0 0.315715 0.132462 0.0435213 0.0668592 0.870343
0 0.630903 0.147317 0.0385052 0.0598907 0.868609
0 0.673155 0.248423 0.0537465 0.0703159 0.861481
0 0.171306 0.0519728 0.0518531 0.0992953 0.855585
0 0.279487 0.0705415 0.0348145 0.0658035 0.850328
0 0.217074 0.0493098 0.0306245 0.0494263 0.847877
0 0.647993 0.213994 0.0509825 0.0670777 0.84607
0 0.245856 0.0635928 0.0401752 0.0913774 0.799003
0 0.413573 0.0573423 0.0416407 0.0617253 0.518099
0 0.778888 0.961001 0.181987 0.0779975 0.425312
0 0.838547 0.15677 0.0918592 0.198388 0.9141
0 0.830036 0.765177 0.177844 0.307922 0.909901
0 0.190571 0.346569 0.0704655 0.101471 0.90871
0 0.741795 0.400901 0.0686401 0.101611 0.900341
0 0.773539 0.956364 0.188102 0.0872721 0.899315
0 0.67296 0.250996 0.0520254 0.0719409 0.898197
0 0.752547 0.186387 0.0800469 0.175338 0.89341
0 0.0516938 0.455483 0.0927044 0.128154 0.891913
0 0.645233 0.738361 0.107371 0.164285 0.885664
0 0.488124 0.930552 0.173106 0.138501 0.885453
0 0.246926 0.0643392 0.0428811 0.0939768 0.881554
0 0.878506 0.592701 0.107194 0.132025 0.880585
0 0.347088 0.197623 0.0512527 0.061349 0.875821
0 0.821585 0.294413 0.0661751 0.116724 0.875401
0 0.316978 0.132253 0.0445187 0.0672512 0.87486
0 0.348548 0.260043 0.0581364 0.0760698 0.86869
0 0.631878 0.146139 0.0409317 0.0600997 0.867388
0 0.173472 0.0542072 0.0498011 0.0970977 0.863198
0 0.269318 0.181217 0.0460279 0.0678987 0.857421
0 0.646294 0.216863 0.0472134 0.0617118 0.851645
0 0.28211 0.0756604 0.0326149 0.0515278 0.562315
0 0.538199 0.139106 0.0352522 0.0474217 0.271847
0 0.571548 0.167961 0.0384899 0.0547681 0.252654
