0 0.78392 0.475016 0.0938927 0.12541 0.938597
0 0.815384 0.338909 0.0703356 0.0958279 0.922985
0 0.648232 0.296459 0.0657106 0.0899167 0.918895
0 0.600935 0.440217 0.0820604 0.128256 0.914384
0 0.129009 0.249635 0.0556248 0.0808936 0.912097
0 0.93806 0.36679 0.122552 0.414207 0.904251
0 0.167026 0.336979 0.0645718 0.0824225 0.903756
0 0.112127 0.425405 0.0797108 0.111394 0.897587
0 0.279759 0.334958 0.0699635 0.0975025 0.894445
0 0.536079 0.261564 0.0568184 0.0873046 0.893906
0 0.260026 0.430449 0.0844976 0.109699 0.893824
0 0.184753 0.210236 0.0523828 0.0692004 0.887391
0 0.765422 0.262526 0.0583227 0.0819454 0.885332
0 0.739449 0.221172 0.053731 0.0722773 0.884497
0 0.743575 0.408067 0.0818486 0.111077 0.884269
0 0.557606 0.342253 0.0665066 0.104405 0.879945
0 0.205915 0.265085 0.05736 0.0734215 0.876554
0 0.296589 0.201229 0.0469131 0.0679733 0.876543
0 0.240248 0.242788 0.0498158 0.0730829 0.867865
0 0.357206 0.154776 0.0444942 0.0639924 0.860817
0 0.268645 0.166552 0.0439176 0.0658958 0.853279
0 0.336214 0.240122 0.0526727 0.07594 0.848705
0 0.642978 0.238236 0.0566624 0.0791253 0.83637
0 0.444887 0.149224 0.0415529 0.0611297 0.825819
0 0.55711 0.202002 0.0468321 0.084843 0.766192
0 0.376085 0.114071 0.0338333 0.0486099 0.74919
0 0.403602 0.133866 0.0376395 0.0584301 0.715364
0 0.498369 0.0614593 0.0434567 0.0770539 0.554861
0 0.842957 0.0748122 0.0357994 0.0486915 0.51712
0 0.658651 0.168377 0.0435909 0.0711383 0.455757
0 0.783823 0.085347 0.0524511 0.107728 0.356661
0 0.732988 0.17852 0.0485137 0.075312 0.331879
0 0.713792 0.111623 0.0350402 0.0535225 0.267338
0 0.950356 0.415585 0.0992886 0.284886 0.250336
0 0.557779 0.346151 0.0671155 0.0946026 0.919332
0 0.764619 0.262825 0.0561657 0.0782688 0.904069
0 0.127172 0.250613 0.0562004 0.0879162 0.902861
0 0.815536 0.338389 0.0689217 0.0970144 0.899667
0 0.601536 0.438927 0.0841486 0.123621 0.89598
0 0.165425 0.336044 0.0648168 0.0799188 0.891982
0 0.648841 0.294954 0.058831 0.0870369 0.886025
0 0.206934 0.266555 0.0526329 0.072255 0.882062
0 0.259286 0.430271 0.0835618 0.114499 0.881824
0 0.743061 0.404519 0.0839319 0.107345 0.880729
0 0.110162 0.425251 0.0826399 0.108882 0.878995
0 0.335788 0.239139 0.04889 0.0752975 0.878833
0 0.782603 0.473877 0.0936081 0.125683 0.878656
0 0.295264 0.199319 0.0431621 0.0640355 0.875024
0 0.355472 0.152653 0.0393413 0.0603199 0.874827
0 0.280073 0.3178 0.0640176 0.129956 0.874074
0 0.183889 0.210038 0.0491342 0.0678656 0.868945
0 0.266049 0.165321 0.0411792 0.0666408 0.865329
0 0.535159 0.25374 0.0539017 0.0962365 0.8592
0 0.656751 0.162923 0.0429705 0.0641435 0.848319
0 0.237953 0.241196 0.0446095 0.0678561 0.846486
0 0.783555 0.0913355 0.0494579 0.103506 0.845845
0 0.712552 0.108459 0.0336884 0.0559031 0.832793
0 0.643478 0.221831 0.0538157 0.111726 0.817826
0 0.734766 0.196316 0.0524 0.110117 0.814074
0 0.970902 0.416053 0.0581963 0.27283 0.797105
0 0.556565 0.201895 0.0447868 0.0854247 0.748626
0 0.972567 0.373186 0.0548653 0.188791 0.724029
0 0.732467 0.178769 0.0494189 0.075573 0.693642
0 0.642736 0.238157 0.0542774 0.0741779 0.691174
0 0.375022 0.112945 0.0314896 0.0472331 0.623199
0 0.528094 0.105204 0.0387114 0.0446273 0.603876
0 0.688613 0.048157 0.0325568 0.0476028 0.556425
0 0.737574 0.217213 0.0515616 0.0679431 0.363513
0 0.953223 0.406474 0.0935544 0.296335 0.295491
