0 0.0644357 0.358708 0.128871 0.396165 0.945488
0 0.721363 0.33458 0.0669613 0.0979141 0.924244
0 0.216942 0.475082 0.0921338 0.126012 0.918013
0 0.740359 0.428671 0.0814535 0.112381 0.910359
0 0.792702 0.265002 0.0554478 0.0738604 0.904617
0 0.35189 0.296185 0.0665236 0.0885844 0.901947
0 0.888131 0.425172 0.0782419 0.109682 0.899589
0 0.25512 0.407799 0.0823929 0.111745 0.898851
0 0.833171 0.33646 0.0639191 0.0828132 0.897614
0 0.463697 0.264141 0.0572266 0.0890801 0.894094
0 0.397493 0.438412 0.0825626 0.131022 0.890996
0 0.18486 0.338044 0.070192 0.0959177 0.89038
0 0.815426 0.210741 0.0520764 0.0705596 0.887461
0 0.870823 0.248169 0.0552189 0.0809402 0.885533
0 0.702773 0.201201 0.0466778 0.0669593 0.884244
0 0.664023 0.240838 0.0517613 0.0740076 0.882039
0 0.357199 0.2387 0.0546112 0.0767554 0.878282
0 0.442196 0.338949 0.0662502 0.111079 0.873049
0 0.23437 0.262842 0.0564395 0.0813986 0.857423
0 0.260087 0.220576 0.0524824 0.0739749 0.854454
0 0.760294 0.243058 0.0485228 0.0700663 0.835171
0 0.732073 0.167216 0.0456682 0.0675281 0.833816
0 0.553877 0.148288 0.0443225 0.0590997 0.814564
0 0.624329 0.113474 0.0355439 0.05092 0.790482
0 0.64313 0.155653 0.0427391 0.0628305 0.776348
0 0.157258 0.0744123 0.0355905 0.051113 0.741413
0 0.499238 0.0598008 0.0531313 0.0774693 0.714596
0 0.268638 0.184847 0.0479328 0.0847655 0.649501
0 0.442957 0.203841 0.0493032 0.082933 0.565589
0 0.215276 0.0889453 0.0514965 0.104594 0.519913
0 0.722434 0.274343 0.0557905 0.0474548 0.457059
0 0.596799 0.141614 0.0349726 0.0416674 0.277448
0 0.34261 0.166475 0.0446574 0.0729032 0.250412
0 0.46439 0.256433 0.0544611 0.0990256 0.911874
0 0.398268 0.43843 0.084947 0.125755 0.910419
0 0.722275 0.316886 0.0669008 0.134159 0.889184
0 0.216387 0.474011 0.0955025 0.126243 0.888692
0 0.235341 0.263136 0.0566288 0.0791381 0.88708
0 0.184334 0.337886 0.0683672 0.0960357 0.886339
0 0.8894 0.425977 0.0794411 0.110806 0.883439
0 0.817582 0.210093 0.0506676 0.0676672 0.882881
0 0.734311 0.166436 0.0430038 0.0665672 0.88237
0 0.741756 0.428058 0.081134 0.111822 0.881978
0 0.703455 0.199186 0.0450388 0.0661327 0.877721
0 0.872101 0.250554 0.0565224 0.0861107 0.877185
0 0.442305 0.34648 0.0654739 0.0949926 0.874847
0 0.644216 0.15341 0.0392062 0.0602761 0.874642
0 0.555445 0.149584 0.0432267 0.0569377 0.870316
0 0.350461 0.294267 0.0611728 0.0856275 0.8666
0 0.794247 0.2666 0.0525979 0.0752051 0.862265
0 0.835134 0.336784 0.063028 0.08319 0.861176
0 0.664349 0.238328 0.049872 0.0743156 0.859204
0 0.255991 0.406023 0.0858012 0.109322 0.855517
0 0.358152 0.236935 0.0540203 0.0729605 0.849276
0 0.216371 0.088891 0.0507963 0.110671 0.828396
0 0.761089 0.243584 0.0408518 0.0702821 0.817986
0 0.287734 0.109205 0.0350556 0.0563629 0.810739
0 0.26886 0.177442 0.0485541 0.0757482 0.789149
0 0.0638207 0.325936 0.126697 0.325076 0.776285
0 0.26239 0.218626 0.054488 0.067119 0.769468
0 0.442937 0.19937 0.0473651 0.0793676 0.719755
0 0.344218 0.16295 0.0456342 0.0659315 0.697651
0 0.623943 0.113696 0.0342802 0.0491943 0.531989
0 0.35354 0.1924 0.045941 0.0563349 0.50605
0 0.600121 0.140139 0.027975 0.0400972 0.276063
