0 0.544722 0.468314 0.0503239 0.122476 0.908659
0 0.93867 0.835241 0.0568745 0.0883229 0.902906
0 0.807537 0.64442 0.0483387 0.072102 0.901916
0 0.569821 0.625835 0.0463385 0.0712184 0.889337
0 0.853011 0.834653 0.11795 0.165047 0.886293
0 0.252001 0.679506 0.0627314 0.0971819 0.87295
0 0.341819 0.677256 0.0426824 0.0748782 0.869795
0 0.358461 0.9664 0.0781281 0.067201 0.862682
0 0.644314 0.545086 0.0401884 0.0592655 0.858644
0 0.852919 0.686745 0.0446102 0.0669729 0.853307
0 0.740112 0.661313 0.0405249 0.064019 0.851931
0 0.983417 0.967483 0.0328213 0.0650334 0.831273
0 0.889382 0.727248 0.0470322 0.0616064 0.819979
0 0.493202 0.509066 0.0320194 0.0505019 0.806864
0 0.857153 0.836784 0.115919 0.174059 0.912418
0 0.852412 0.686343 0.0433678 0.0713371 0.879721
0 0.807425 0.644772 0.0512634 0.0693226 0.876214
0 0.938574 0.8365 0.0575781 0.0965229 0.868889
0 0.54355 0.466054 0.0517496 0.107152 0.85549
0 0.890951 0.729109 0.0486954 0.0645894 0.855249
0 0.739066 0.662962 0.0465267 0.0624558 0.852854
0 0.250609 0.681818 0.0545516 0.0962101 0.848235
0 0.569709 0.627985 0.0553091 0.0668475 0.845402
0 0.342468 0.675434 0.0463522 0.0743485 0.837275
0 0.643661 0.544444 0.0440489 0.0594432 0.804396
0 0.359077 0.964908 0.080706 0.0701843 0.790748
0 0.981089 0.967538 0.0376339 0.0646566 0.785528
0 0.489567 0.504031 0.040427 0.0631145 0.690719
0 0.192206 0.61455 0.0362805 0.0461064 0.471191
