0 0.826785 0.825657 0.112261 0.164735 0.908958
0 0.909902 0.828968 0.0570929 0.0864561 0.908631
0 0.792682 0.644996 0.0475417 0.0703142 0.902457
0 0.555052 0.619034 0.0438899 0.0704313 0.898483
0 0.962039 0.960327 0.0692257 0.0793465 0.892109
0 0.249897 0.704829 0.0581536 0.100903 0.887959
0 0.341715 0.706027 0.0444919 0.0769022 0.870623
0 0.536023 0.468341 0.0490591 0.115858 0.866114
0 0.188257 0.634183 0.0366698 0.0502378 0.858309
0 0.836134 0.686864 0.0441496 0.0656618 0.852674
0 0.630444 0.545301 0.0401217 0.0593778 0.840091
0 0.873344 0.726373 0.0453121 0.0622678 0.830107
0 0.722882 0.658217 0.0428122 0.0654617 0.814568
0 0.353664 0.980707 0.0866745 0.0385853 0.750238
0 0.485609 0.512826 0.0345808 0.0593346 0.418474
