0 0.134087 0.837793 0.109311 0.17379 0.899073
0 0.748132 0.672158 0.0613338 0.098964 0.898832
0 0.0533163 0.8359 0.056555 0.0892092 0.884144
0 0.45396 0.468219 0.0506905 0.128274 0.883953
0 0.187012 0.645122 0.0485782 0.0719991 0.882654
0 0.639863 0.962774 0.0792762 0.0744516 0.875988
0 0.350596 0.544707 0.041065 0.059615 0.865636
0 0.657517 0.671373 0.0403463 0.0683948 0.863009
0 0.504919 0.505825 0.0321345 0.0510811 0.859326
0 0.425707 0.627452 0.0465374 0.0718636 0.856041
0 0.253264 0.662802 0.0423348 0.064049 0.84758
0 0.141824 0.688479 0.0448174 0.0685564 0.841755
0 0.105055 0.726884 0.0455543 0.0600849 0.814571
0 0.0111375 0.969678 0.022275 0.0606446 0.706444
