0 0.442443 0.470218 0.0528507 0.121666 0.930269
0 0.632059 0.953566 0.0743995 0.0928685 0.916412
0 0.107775 0.8513 0.114127 0.171021 0.902867
0 0.743253 0.661969 0.0619525 0.0974592 0.895128
0 0.0276315 0.849268 0.0530608 0.0912045 0.889079
0 0.655392 0.65787 0.0400207 0.0673861 0.880852
0 0.0878452 0.736447 0.0491763 0.0622128 0.876518
0 0.125556 0.695913 0.0480029 0.0704118 0.868254
0 0.411321 0.640055 0.0479248 0.0732014 0.867278
0 0.336398 0.553343 0.0422738 0.0624391 0.866385
0 0.173052 0.652945 0.049383 0.0716397 0.864795
0 0.236239 0.67612 0.0431977 0.0683695 0.856772
0 0.493852 0.50871 0.0336587 0.0525915 0.824182
0 0.108271 0.849832 0.118331 0.190014 0.911991
0 0.742539 0.665536 0.0534645 0.092558 0.883431
0 0.125708 0.69406 0.0454886 0.070273 0.876628
0 0.443858 0.469431 0.050165 0.106672 0.870271
0 0.172601 0.654561 0.0498711 0.0684551 0.865407
0 0.0282228 0.85312 0.0541409 0.0973774 0.865347
0 0.236909 0.678308 0.0436894 0.0624421 0.849579
0 0.409357 0.641741 0.057279 0.0707065 0.842707
0 0.0864213 0.735473 0.0511953 0.0609035 0.836107
0 0.653874 0.656181 0.0453808 0.06625 0.832704
0 0.495653 0.508067 0.0427861 0.0606724 0.823979
0 0.336981 0.553288 0.0437744 0.0597244 0.822199
0 0.627902 0.951595 0.0773878 0.0927246 0.791862
0 0.801303 0.606076 0.0362745 0.035614 0.272551
