0 0.807505 0.679998 0.0427323 0.0687207 0.907014
0 0.90037 0.938265 0.0627218 0.0842564 0.901255
0 0.784085 0.803634 0.102822 0.157199 0.900512
0 0.239507 0.735449 0.0599638 0.101189 0.898318
0 0.529349 0.603698 0.0447817 0.0668518 0.894374
0 0.865019 0.810789 0.0555183 0.0832443 0.890775
0 0.517672 0.467488 0.048654 0.116368 0.872887
0 0.764973 0.635651 0.0454399 0.0672466 0.867812
0 0.336864 0.74171 0.0463745 0.0792248 0.867244
0 0.842573 0.715247 0.0441261 0.0618391 0.86111
0 0.691063 0.640654 0.0387112 0.0636681 0.856937
0 0.176864 0.659392 0.0366015 0.0524761 0.856218
0 0.60561 0.535505 0.0375998 0.059338 0.836665
0 0.462779 0.50256 0.0285545 0.0540283 0.4124
0 0.23164 0.620303 0.0332869 0.0349175 0.34547
0 0.780984 0.801384 0.10245 0.166254 0.910894
0 0.806531 0.678599 0.042639 0.0675608 0.877735
0 0.239278 0.733918 0.0596852 0.107988 0.875206
0 0.865073 0.811969 0.0551104 0.0878881 0.870316
0 0.337771 0.7393 0.0495661 0.0784905 0.866426
0 0.176038 0.658989 0.0372085 0.0525946 0.85765
0 0.528826 0.604868 0.0489984 0.0652704 0.856365
0 0.516933 0.465729 0.0454629 0.103313 0.855329
0 0.764556 0.635093 0.0462298 0.0668781 0.854424
0 0.898664 0.939579 0.0651516 0.0867626 0.854228
0 0.843635 0.716386 0.0437481 0.0651072 0.847609
0 0.605464 0.534914 0.0390415 0.056628 0.805835
0 0.690464 0.640242 0.0436918 0.0588321 0.803571
0 0.463475 0.501119 0.0326227 0.0514858 0.767747
0 0.231531 0.620256 0.0350691 0.0348778 0.7441
