0 0.749828 0.685686 0.0593464 0.0988094 0.899058
0 0.19683 0.644994 0.0476768 0.0720703 0.898889
0 0.0699655 0.833806 0.0569924 0.086042 0.895594
0 0.151706 0.834068 0.108921 0.170554 0.895171
0 0.458299 0.470267 0.0495477 0.126131 0.887293
0 0.658553 0.684818 0.0412812 0.0702161 0.881705
0 0.022268 0.966438 0.0439314 0.0671236 0.861822
0 0.434216 0.625159 0.0478689 0.0730194 0.856041
0 0.114141 0.728219 0.0474615 0.0623666 0.850703
0 0.359145 0.54556 0.0423257 0.0603962 0.848691
0 0.151322 0.688844 0.0463175 0.0705387 0.847381
0 0.808995 0.619407 0.0348949 0.0456455 0.839225
0 0.263509 0.661685 0.043617 0.064283 0.827764
0 0.510138 0.510287 0.0313563 0.0501509 0.816029
0 0.644237 0.970131 0.0790497 0.0597387 0.81202
0 0.151695 0.833094 0.115953 0.176588 0.909042
0 0.151503 0.685142 0.0437143 0.070011 0.894287
0 0.0705117 0.836763 0.0564087 0.0949116 0.890787
0 0.75028 0.688448 0.0556981 0.0974469 0.866559
0 0.114337 0.729291 0.0480747 0.0643406 0.853443
0 0.264456 0.66352 0.0441403 0.0608725 0.851396
0 0.197303 0.646252 0.0489625 0.0682447 0.848415
0 0.658367 0.682561 0.0444056 0.0717077 0.836879
0 0.459277 0.46685 0.0489979 0.104461 0.834456
0 0.43361 0.627008 0.0521584 0.0712687 0.819949
0 0.360118 0.545407 0.0437792 0.0591686 0.817889
0 0.0238608 0.9657 0.0474894 0.068228 0.815909
0 0.809886 0.618552 0.038596 0.050083 0.787628
0 0.508988 0.506248 0.0426323 0.0582005 0.748368
0 0.643498 0.967871 0.0774878 0.0637991 0.738637
