0 0.559073 0.468674 0.0512455 0.123025 0.934466
0 0.257843 0.662837 0.0596736 0.0967686 0.910388
0 0.972183 0.848923 0.0554226 0.0908203 0.907928
0 0.369022 0.953918 0.0761154 0.0921635 0.899748
0 0.887913 0.852444 0.113645 0.168827 0.889142
0 0.827597 0.653016 0.0492954 0.0702869 0.888633
0 0.344916 0.658786 0.0401567 0.0661907 0.884778
0 0.874011 0.695041 0.045475 0.0691162 0.879757
0 0.662239 0.553389 0.0428631 0.0624212 0.863839
0 0.762419 0.676222 0.0420792 0.0670431 0.861367
0 0.588991 0.639621 0.0483392 0.0730982 0.859653
0 0.912139 0.737473 0.0478334 0.0642302 0.855985
0 0.506482 0.508511 0.0337912 0.054533 0.8391
0 0.891317 0.846719 0.115408 0.190188 0.892125
0 0.874446 0.694734 0.0441853 0.0714066 0.882783
0 0.827278 0.653866 0.0475723 0.0709507 0.872386
0 0.370963 0.952328 0.0772589 0.0922838 0.866786
0 0.257667 0.665142 0.0555674 0.0900782 0.865939
0 0.972632 0.851777 0.0540333 0.0969625 0.864732
0 0.557811 0.470361 0.0526035 0.109767 0.862977
0 0.591072 0.641873 0.0554071 0.070067 0.861768
0 0.762323 0.678063 0.0460693 0.0636561 0.847666
0 0.345707 0.656342 0.0451655 0.0672625 0.835308
0 0.663086 0.553962 0.0426466 0.0607349 0.824701
0 0.912154 0.736442 0.0495518 0.0630514 0.806632
0 0.504206 0.503819 0.0441956 0.0680115 0.639988
0 0.199426 0.605996 0.0349871 0.0353993 0.549931
