0 0.0787107 0.86416 0.119799 0.183742 0.909653
0 0.743356 0.641589 0.0603678 0.0936426 0.90562
0 0.626013 0.939712 0.0826157 0.119532 0.880527
0 0.221229 0.687225 0.044351 0.0663233 0.878857
0 0.397913 0.650394 0.0485193 0.0765539 0.873505
0 0.0736441 0.741815 0.0496337 0.0675104 0.872474
0 0.160599 0.656252 0.0498962 0.0749828 0.867038
0 0.438508 0.471311 0.0548901 0.116821 0.865884
0 0.327278 0.55757 0.0435941 0.0633717 0.860394
0 0.660552 0.634476 0.0388407 0.0662237 0.855815
0 0.112541 0.699812 0.0491067 0.0732286 0.840059
0 0.486523 0.510253 0.0309369 0.0564169 0.838589
0 0.0109443 0.859406 0.0218887 0.0930904 0.750995
0 0.0779836 0.860408 0.12873 0.199177 0.916697
0 0.438835 0.47222 0.0508398 0.109883 0.898503
0 0.743783 0.64378 0.0539939 0.0912474 0.893085
0 0.0734978 0.741379 0.0497576 0.0641547 0.87614
0 0.659077 0.631175 0.0458838 0.0689076 0.872547
0 0.16065 0.656998 0.0502614 0.0715487 0.871896
0 0.112544 0.698043 0.0471658 0.0736242 0.862823
0 0.395764 0.652603 0.0578286 0.0774887 0.86211
0 0.625441 0.938698 0.0829124 0.121583 0.852598
0 0.221605 0.688315 0.0458923 0.064254 0.849019
0 0.326926 0.556988 0.046611 0.0630936 0.827458
0 0.486117 0.511673 0.0380905 0.0615049 0.739788
0 0.0108143 0.860579 0.0216286 0.094355 0.633388
