0 0.192598 0.645136 0.0482243 0.0704605 0.895617
0 0.431233 0.626298 0.0453383 0.0735458 0.89292
0 0.144376 0.835627 0.106866 0.168987 0.892052
0 0.658323 0.678478 0.0411243 0.0701915 0.88904
0 0.456478 0.468645 0.0514032 0.123093 0.888586
0 0.061592 0.834444 0.0579454 0.0881687 0.887759
0 0.355649 0.545422 0.0428181 0.0608031 0.882499
0 0.748696 0.678645 0.0593208 0.0964199 0.882384
0 0.146917 0.687441 0.0451681 0.0684238 0.880849
0 0.258812 0.661975 0.0432382 0.0638488 0.879942
0 0.641815 0.966119 0.0789124 0.067762 0.868469
0 0.109469 0.728548 0.0470241 0.0648376 0.867755
0 0.507802 0.509598 0.0300176 0.0480276 0.858692
0 0.0168087 0.967797 0.0330431 0.0636389 0.804724
