0 0.365414 0.665144 0.0532134 0.082922 0.912341
0 0.421387 0.46508 0.0553028 0.119143 0.8884
0 0.0397868 0.741293 0.0538359 0.070758 0.887446
0 0.0385495 0.887738 0.0763856 0.191302 0.886915
0 0.129728 0.654 0.0526769 0.0767082 0.886678
0 0.618257 0.871539 0.0755617 0.109111 0.880592
0 0.182433 0.702144 0.0485711 0.0699968 0.877614
0 0.467959 0.505662 0.0341308 0.0633863 0.876016
0 0.0796461 0.696328 0.049714 0.0743622 0.874278
0 0.298459 0.556764 0.0479 0.0665659 0.861863
0 0.662998 0.583213 0.0370506 0.0577715 0.861653
0 0.740645 0.597676 0.053549 0.0814264 0.834949
0 0.963716 0.974124 0.0725672 0.0511793 0.489408
0 0.0403557 0.740133 0.0530873 0.0690411 0.892133
0 0.364163 0.666538 0.0600147 0.0851183 0.878651
0 0.740467 0.596757 0.0511322 0.083518 0.873488
0 0.129312 0.655218 0.0534969 0.0734962 0.86771
0 0.0383003 0.880094 0.0762769 0.212383 0.867442
0 0.0802049 0.69487 0.0478977 0.0731916 0.864792
0 0.421748 0.464878 0.0572275 0.12464 0.859856
0 0.618321 0.872057 0.076923 0.117288 0.856154
0 0.299279 0.557395 0.0485384 0.0644054 0.849562
0 0.18294 0.700377 0.0495425 0.064957 0.841814
0 0.662752 0.582038 0.0450885 0.0593027 0.832828
0 0.469857 0.504819 0.041651 0.0681142 0.790516
0 0.963864 0.974491 0.0720072 0.0506542 0.635261
