0 0.422917 0.4589 0.056481 0.12093 0.905303
0 0.364942 0.664659 0.0543191 0.0830471 0.901546
0 0.129616 0.649762 0.0514947 0.0751536 0.893496
0 0.620714 0.859668 0.0753743 0.109433 0.886203
0 0.0792722 0.692813 0.0497301 0.0736432 0.88298
0 0.0354352 0.880625 0.0708703 0.195244 0.877059
0 0.298853 0.553462 0.0475589 0.066135 0.875893
0 0.181692 0.699448 0.0489637 0.0660191 0.872515
0 0.0388143 0.73831 0.0518567 0.0692894 0.869995
0 0.469037 0.501237 0.0351444 0.0665804 0.862465
0 0.668181 0.575186 0.0367949 0.0522923 0.844213
0 0.745131 0.590598 0.0503698 0.0728119 0.820249
0 0.956532 0.968652 0.0869361 0.0626967 0.777901
0 0.744081 0.588739 0.0536198 0.0786961 0.889969
0 0.0796941 0.691175 0.0489056 0.073801 0.886552
0 0.129673 0.65157 0.051832 0.0759047 0.875122
0 0.363719 0.665188 0.0611726 0.0852264 0.873373
0 0.0370339 0.882524 0.073743 0.206383 0.859711
0 0.0395238 0.73865 0.053679 0.0685661 0.856249
0 0.620596 0.860164 0.073427 0.115201 0.848748
0 0.423423 0.46142 0.0579611 0.126814 0.843471
0 0.18082 0.698972 0.0511684 0.0636547 0.836415
0 0.667072 0.57269 0.0436313 0.0542116 0.833532
0 0.299383 0.553707 0.0475089 0.0626999 0.827188
0 0.469952 0.501016 0.0396395 0.070134 0.74066
0 0.957689 0.967894 0.0835077 0.0640392 0.734364
