0 0.164262 0.655311 0.0501822 0.0726879 0.90783
0 0.627084 0.9417 0.0853327 0.115925 0.903873
0 0.439764 0.470332 0.0542057 0.119719 0.903376
0 0.743936 0.645112 0.0612061 0.0937102 0.895981
0 0.0878772 0.863294 0.12163 0.180922 0.892476
0 0.0777601 0.739007 0.049385 0.0662351 0.884785
0 0.402257 0.646856 0.0510541 0.0777307 0.872757
0 0.329606 0.556264 0.043516 0.0628683 0.866186
0 0.489487 0.506022 0.0349792 0.0638663 0.865558
0 0.116786 0.697781 0.046591 0.0708553 0.85789
0 0.226371 0.683801 0.044421 0.067808 0.854237
0 0.0161725 0.854777 0.0321785 0.089674 0.834765
0 0.659402 0.639126 0.0388306 0.06724 0.834658
0 0.0882351 0.857009 0.125129 0.196139 0.915774
0 0.743959 0.646908 0.052545 0.094481 0.889125
0 0.44144 0.472129 0.052307 0.112225 0.884392
0 0.626388 0.941574 0.0825515 0.116685 0.870187
0 0.165235 0.654676 0.0533225 0.0699731 0.869396
0 0.400307 0.64866 0.0565282 0.0757755 0.862795
0 0.0776459 0.739176 0.0488158 0.0660851 0.855532
0 0.226274 0.684016 0.0473251 0.0642395 0.852331
0 0.11721 0.697354 0.0454675 0.0723777 0.848314
0 0.658275 0.636696 0.0466852 0.0690595 0.843229
0 0.330743 0.555191 0.0445539 0.0610458 0.808703
0 0.0168034 0.858023 0.0336068 0.0961205 0.752585
0 0.488827 0.512959 0.0394114 0.0582523 0.616211
