0 0.0477141 0.958659 0.0676324 0.0826824 0.927581
0 0.752048 0.709033 0.0601307 0.100223 0.919347
0 0.657458 0.710172 0.0430439 0.0747446 0.908011
0 0.176954 0.82258 0.103317 0.166158 0.907686
0 0.448551 0.616783 0.0457159 0.0678133 0.89704
0 0.210649 0.642911 0.0465214 0.0691893 0.895921
0 0.0969647 0.825529 0.0600116 0.0838957 0.892891
0 0.467971 0.468191 0.0488421 0.121733 0.884409
0 0.130323 0.724157 0.0439582 0.0629341 0.882615
0 0.811964 0.63721 0.0352068 0.050156 0.865667
0 0.372068 0.542546 0.0407297 0.0570734 0.853241
0 0.280791 0.653792 0.0413568 0.061353 0.849745
0 0.166758 0.686508 0.0447751 0.0677403 0.84357
0 0.648396 0.985556 0.0780649 0.0288881 0.66903
0 0.517807 0.504121 0.0278816 0.0501184 0.621275
0 0.180633 0.818664 0.108808 0.174845 0.917988
0 0.0491839 0.957902 0.0699858 0.0838223 0.900956
0 0.211333 0.643194 0.0477954 0.0675142 0.876902
0 0.167205 0.684944 0.0437904 0.0693983 0.868786
0 0.449172 0.617723 0.0471803 0.0663418 0.860492
0 0.0971273 0.827557 0.0589438 0.092223 0.854131
0 0.752068 0.712931 0.0572102 0.0993323 0.848618
0 0.468329 0.467763 0.0485803 0.104826 0.847372
0 0.656793 0.709582 0.0456402 0.0707678 0.831559
0 0.129464 0.724147 0.0445159 0.0616224 0.827474
0 0.812566 0.636181 0.0374935 0.054496 0.821245
0 0.372678 0.542949 0.0420239 0.0570397 0.821181
0 0.281781 0.653266 0.0445902 0.0590991 0.820716
0 0.518021 0.502565 0.0311979 0.0509285 0.597754
0 0.64474 0.98469 0.0786585 0.0305157 0.480923
