0 0.578857 0.468859 0.0565645 0.122997 0.932766
0 0.957969 0.742714 0.0507332 0.068602 0.904639
0 0.869646 0.656227 0.0506523 0.0758575 0.895296
0 0.386033 0.882698 0.0719351 0.108615 0.894742
0 0.633207 0.665553 0.0530603 0.0818904 0.891877
0 0.956309 0.895862 0.0873825 0.183446 0.888924
0 0.815893 0.702461 0.0482113 0.0686613 0.886907
0 0.700516 0.559721 0.0458774 0.0670636 0.871566
0 0.533032 0.511602 0.0348013 0.0573832 0.868067
0 0.918267 0.69732 0.0514248 0.0751001 0.866585
0 0.262083 0.604605 0.0517655 0.0791765 0.845662
0 0.340639 0.591083 0.0372063 0.0611372 0.841707
0 0.0313829 0.980473 0.0627658 0.0386066 0.544238
0 0.958503 0.742184 0.0541584 0.0680426 0.897753
0 0.959133 0.884106 0.0817341 0.200348 0.884266
0 0.869049 0.656049 0.0517557 0.0750376 0.88289
0 0.581198 0.468349 0.0586491 0.122712 0.878899
0 0.919213 0.6957 0.0479622 0.0732759 0.859451
0 0.386815 0.881895 0.0727116 0.113301 0.859106
0 0.634346 0.666927 0.0605259 0.0840411 0.847831
0 0.262352 0.603242 0.0519773 0.0852232 0.844465
0 0.700152 0.558688 0.0491066 0.0645401 0.841687
0 0.340566 0.588199 0.0455095 0.0613563 0.841083
0 0.815313 0.701368 0.0503878 0.0646959 0.832562
0 0.532656 0.511133 0.0377856 0.0584894 0.786918
0 0.0294632 0.978753 0.0589265 0.0419716 0.268616
