0 0.458214 0.607302 0.0429193 0.0681107 0.913291
0 0.756443 0.716261 0.061134 0.0991667 0.911432
0 0.0694371 0.948175 0.0660933 0.0876682 0.901992
0 0.114558 0.815799 0.0587317 0.0844376 0.896064
0 0.195434 0.80987 0.104716 0.164878 0.885998
0 0.221753 0.636675 0.0461962 0.0675889 0.877157
0 0.382724 0.537501 0.0399589 0.0604508 0.869919
0 0.660392 0.719873 0.0435099 0.0761673 0.868543
0 0.142641 0.717578 0.0433762 0.0608326 0.867559
0 0.817831 0.64354 0.0357288 0.0500662 0.855094
0 0.179613 0.680446 0.0433535 0.0662666 0.838108
0 0.293108 0.643961 0.0405556 0.059684 0.82328
0 0.525908 0.497795 0.0311078 0.0475206 0.812857
0 0.474348 0.461767 0.0472204 0.108577 0.722587
0 0.654267 0.990752 0.0737859 0.0184966 0.388814
0 0.196506 0.807497 0.10738 0.174525 0.895233
0 0.757257 0.717323 0.0577112 0.0991978 0.881995
0 0.072126 0.948066 0.0674505 0.0884933 0.877246
0 0.459795 0.607817 0.0474232 0.0662201 0.86681
0 0.11439 0.818239 0.0571058 0.0883625 0.859555
0 0.660245 0.717716 0.0473387 0.0764446 0.849371
0 0.178327 0.68004 0.0433956 0.0678991 0.848382
0 0.475027 0.463708 0.0474638 0.10388 0.844958
0 0.222396 0.636422 0.047101 0.0683035 0.843171
0 0.382851 0.535965 0.0401704 0.058255 0.841065
0 0.294444 0.643979 0.0425273 0.0606371 0.82219
0 0.818763 0.642427 0.03986 0.0531764 0.80871
0 0.141891 0.718334 0.0451412 0.0635298 0.797639
0 0.526789 0.499239 0.0351789 0.0509476 0.789706
0 0.650897 0.989134 0.0726224 0.0217075 0.49895
