0 0.935044 0.87207 0.127551 0.182766 0.900802
0 0.260412 0.632254 0.0552298 0.0891836 0.89627
0 0.568952 0.470253 0.0538125 0.118072 0.896111
0 0.37959 0.92472 0.081727 0.118461 0.893073
0 0.851062 0.657576 0.0504059 0.0730485 0.887177
0 0.899124 0.700891 0.0496801 0.0713152 0.875544
0 0.615086 0.654894 0.0480653 0.0804667 0.871818
0 0.68319 0.55976 0.0447428 0.0634176 0.868592
0 0.521616 0.517883 0.0324204 0.0449755 0.862755
0 0.937546 0.744087 0.0511723 0.0666983 0.860908
0 0.791905 0.69253 0.0459341 0.0685865 0.857843
0 0.342735 0.621741 0.038182 0.0684542 0.851048
0 0.938663 0.864846 0.121856 0.197588 0.894995
0 0.379877 0.921677 0.0804222 0.123815 0.879459
0 0.569745 0.471948 0.0535587 0.112312 0.877776
0 0.260443 0.631302 0.0555263 0.0908069 0.868926
0 0.849784 0.657734 0.0497646 0.0720678 0.865745
0 0.938036 0.743921 0.0507139 0.0689688 0.864986
0 0.89819 0.699349 0.04613 0.0724344 0.856346
0 0.34311 0.61737 0.0453945 0.0735895 0.841598
0 0.615434 0.656555 0.056706 0.0815104 0.838571
0 0.789491 0.6922 0.0471493 0.0654306 0.821979
0 0.683436 0.55951 0.0467283 0.0598825 0.816528
0 0.520899 0.515186 0.0377739 0.0543188 0.697623
