0 0.0580024 0.954489 0.0690596 0.0896362 0.915485
0 0.187161 0.817261 0.105978 0.165114 0.900877
0 0.754142 0.713045 0.0606162 0.0989515 0.888486
0 0.470197 0.464286 0.0478408 0.110531 0.884898
0 0.103581 0.821982 0.0577244 0.0831379 0.882717
0 0.172733 0.681813 0.0436467 0.066725 0.881709
0 0.215781 0.640293 0.0452227 0.0688062 0.879996
0 0.658412 0.715411 0.0419374 0.0740727 0.871944
0 0.453217 0.611872 0.0459302 0.067592 0.864638
0 0.377257 0.539559 0.0409471 0.0601924 0.863884
0 0.286441 0.648623 0.0408885 0.062059 0.859749
0 0.136091 0.719634 0.0454719 0.0622122 0.853634
0 0.814228 0.640418 0.0349981 0.0503139 0.837054
0 0.649849 0.988658 0.0755148 0.0226835 0.598805
0 0.521224 0.501175 0.0308666 0.0491966 0.543701
0 0.187493 0.81186 0.109365 0.174168 0.919929
0 0.0596836 0.954084 0.0697636 0.0892687 0.88608
0 0.470144 0.465618 0.048339 0.103192 0.883038
0 0.173236 0.682907 0.0426274 0.0690947 0.868514
0 0.10398 0.823591 0.0556191 0.0897121 0.861586
0 0.215608 0.640404 0.0490867 0.0673826 0.860946
0 0.754907 0.715244 0.0574035 0.103111 0.852608
0 0.657878 0.71317 0.0465604 0.075816 0.849959
0 0.453126 0.611809 0.0477674 0.0675892 0.833841
0 0.814771 0.638936 0.0373087 0.0537819 0.816773
0 0.376923 0.540887 0.0417554 0.0579609 0.815965
0 0.28778 0.648706 0.0426435 0.0597865 0.815477
0 0.135857 0.72072 0.0467166 0.0627911 0.814636
0 0.521096 0.501074 0.0339384 0.049543 0.593721
0 0.647414 0.987567 0.0717312 0.0246983 0.552085
