0 0.419583 0.468844 0.0546049 0.120574 0.936277
0 0.365439 0.665879 0.0516669 0.0813835 0.909958
0 0.616396 0.881727 0.0734623 0.109723 0.90478
0 0.0403897 0.743257 0.0530221 0.068471 0.90385
0 0.129984 0.656452 0.0503891 0.0749315 0.888061
0 0.466737 0.511828 0.0345739 0.0566315 0.885911
0 0.0409792 0.884415 0.0819583 0.192421 0.88291
0 0.0804778 0.699039 0.0497258 0.0767509 0.87079
0 0.659264 0.590092 0.0370554 0.0591723 0.868267
0 0.183894 0.702264 0.0489887 0.070542 0.865062
0 0.299086 0.559576 0.0480056 0.065754 0.861014
0 0.738193 0.604367 0.0523064 0.0812574 0.847795
0 0.968417 0.979126 0.0631668 0.0414055 0.481921
0 0.419873 0.469304 0.0557407 0.122178 0.931376
0 0.0412929 0.742565 0.0543956 0.0689305 0.91259
0 0.0419188 0.88273 0.083334 0.203296 0.885046
0 0.364796 0.66673 0.0595473 0.0827124 0.878045
0 0.737856 0.604718 0.0526798 0.0848534 0.868508
0 0.616196 0.883333 0.0711033 0.11504 0.867505
0 0.0805182 0.697277 0.0488417 0.0734849 0.864759
0 0.129956 0.657287 0.0524632 0.0725648 0.856074
0 0.299648 0.558517 0.0480489 0.0628587 0.832283
0 0.466967 0.511506 0.0387988 0.0593583 0.83052
0 0.18519 0.702308 0.0494377 0.0623283 0.827852
0 0.658247 0.589111 0.0474596 0.0608095 0.825877
0 0.968409 0.979036 0.0629803 0.0415483 0.6526
