0 0.577038 0.459486 0.0564808 0.120287 0.928981
0 0.379218 0.860504 0.0718505 0.110476 0.89406
0 0.870673 0.650304 0.0522831 0.0761809 0.894033
0 0.959489 0.736652 0.0513039 0.0664858 0.891231
0 0.634199 0.664377 0.0545588 0.084232 0.890451
0 0.920425 0.692708 0.0498886 0.0744326 0.883966
0 0.817976 0.700503 0.0486183 0.0672744 0.877085
0 0.700357 0.553275 0.0473091 0.0667077 0.87124
0 0.530821 0.502091 0.0343346 0.0645783 0.868237
0 0.961809 0.897287 0.0763813 0.187663 0.86031
0 0.332321 0.575321 0.0375037 0.0535183 0.846922
0 0.255513 0.588571 0.0506227 0.0747835 0.777558
0 0.0437209 0.96908 0.0867645 0.0618391 0.772741
0 0.577858 0.459998 0.0568293 0.127247 0.893882
0 0.959716 0.736787 0.0529224 0.0700674 0.883891
0 0.869698 0.651073 0.051268 0.0761767 0.883251
0 0.37968 0.86119 0.0732552 0.114191 0.872743
0 0.920648 0.69093 0.0484554 0.0739567 0.872344
0 0.964758 0.876832 0.0704835 0.212852 0.867227
0 0.255396 0.587419 0.0530099 0.077194 0.853928
0 0.634892 0.665817 0.0600015 0.0836566 0.84909
0 0.699869 0.554059 0.0491121 0.0650404 0.839743
0 0.819039 0.699252 0.0502474 0.0634052 0.835158
0 0.331214 0.572711 0.0453867 0.0545317 0.832388
0 0.529539 0.504473 0.0384828 0.0634622 0.722092
0 0.0413383 0.967245 0.0824773 0.0650728 0.694879
