0 0.578851 0.470851 0.0563574 0.120703 0.92167
0 0.62864 0.66516 0.0529098 0.081504 0.896791
0 0.38823 0.902857 0.0757315 0.11174 0.892855
0 0.865781 0.65892 0.0519344 0.0737752 0.88856
0 0.532693 0.515426 0.033917 0.0531733 0.887056
0 0.947914 0.888625 0.104172 0.179133 0.887037
0 0.915504 0.700726 0.0499855 0.0723313 0.886192
0 0.344872 0.605024 0.0382665 0.064402 0.883341
0 0.8092 0.700965 0.0465755 0.071545 0.87996
0 0.953458 0.744992 0.0517014 0.0665262 0.879669
0 0.697894 0.56209 0.0446932 0.0660364 0.875406
0 0.264944 0.618727 0.0532312 0.0847582 0.873096
0 0.955379 0.745545 0.0538996 0.0676163 0.897467
0 0.952502 0.881652 0.0949955 0.195127 0.895127
0 0.580724 0.471207 0.0568737 0.120432 0.888244
0 0.915036 0.699135 0.0454296 0.0750147 0.879242
0 0.265922 0.614783 0.0531724 0.0898369 0.872702
0 0.345441 0.602943 0.0459962 0.0681764 0.857889
0 0.629225 0.66493 0.0619458 0.0785616 0.857194
0 0.388001 0.902343 0.0742356 0.112406 0.856241
0 0.865589 0.659121 0.0503735 0.0739605 0.855209
0 0.697671 0.561287 0.0481216 0.0644579 0.840548
0 0.808362 0.699881 0.0479017 0.0662848 0.81715
0 0.531365 0.51639 0.0380562 0.0574431 0.815803
