0 0.427075 0.474222 0.0552868 0.115818 0.904411
0 0.0561245 0.745799 0.0484461 0.0678082 0.902468
0 0.0563584 0.876222 0.112245 0.190808 0.892456
0 0.378481 0.659559 0.0449762 0.0794933 0.889919
0 0.617836 0.917928 0.079697 0.115226 0.888669
0 0.143777 0.658046 0.0496635 0.0737016 0.887514
0 0.47525 0.517475 0.0316013 0.0452854 0.8803
0 0.736245 0.627579 0.0532421 0.0893656 0.878862
0 0.0951601 0.702649 0.047648 0.071094 0.876036
0 0.202952 0.694069 0.0460565 0.0727142 0.868973
0 0.311219 0.561391 0.0441795 0.0644759 0.857296
0 0.656692 0.615257 0.0382238 0.0680695 0.849713
0 0.0566306 0.869016 0.113209 0.196901 0.901721
0 0.0563528 0.745844 0.0511664 0.0698133 0.899908
0 0.426975 0.473114 0.0535529 0.114287 0.889654
0 0.616925 0.917216 0.0789648 0.118359 0.880402
0 0.379832 0.662005 0.0578401 0.0782542 0.865631
0 0.73675 0.629135 0.0538662 0.0889028 0.864059
0 0.202298 0.694466 0.0460866 0.0677973 0.852835
0 0.655315 0.612417 0.0463154 0.0723221 0.852057
0 0.095847 0.70235 0.0461077 0.0725901 0.848333
0 0.144106 0.659022 0.0513263 0.0713804 0.84034
0 0.311262 0.559645 0.0451596 0.0638208 0.820061
0 0.475657 0.517502 0.0356682 0.0540419 0.793061
