0 0.945619 0.83691 0.0575104 0.0883942 0.906621
0 0.746055 0.662652 0.042319 0.0648357 0.892484
0 0.252373 0.672061 0.0592057 0.0991064 0.889321
0 0.361249 0.961869 0.0780002 0.0762629 0.886782
0 0.813247 0.644853 0.0487904 0.07073 0.886615
0 0.864271 0.83697 0.107874 0.168159 0.886515
0 0.547877 0.4675 0.0523155 0.125048 0.88166
0 0.648951 0.544872 0.0413229 0.0596807 0.872195
0 0.342859 0.670372 0.0409999 0.0721123 0.87107
0 0.857882 0.688173 0.0442392 0.0670132 0.870351
0 0.574364 0.62787 0.046664 0.070619 0.86045
0 0.495647 0.505434 0.0323468 0.0523584 0.835751
0 0.894657 0.726283 0.0450581 0.0589451 0.824392
0 0.988636 0.97031 0.0225231 0.0593809 0.730776
0 0.864246 0.838069 0.111686 0.177107 0.916638
0 0.857745 0.688267 0.0432926 0.0689672 0.88053
0 0.947075 0.838568 0.0573788 0.0996105 0.878863
0 0.812669 0.645316 0.0504192 0.0696751 0.871365
0 0.648866 0.544697 0.0451885 0.0598873 0.865464
0 0.546535 0.465262 0.0499197 0.109665 0.850367
0 0.745206 0.66521 0.0466623 0.06082 0.846451
0 0.252477 0.674426 0.0538466 0.0961899 0.84021
0 0.575069 0.628749 0.0543264 0.0672972 0.832939
0 0.895798 0.728627 0.0474096 0.063142 0.832531
0 0.363165 0.960344 0.0828701 0.0789053 0.828077
0 0.343358 0.667321 0.0440752 0.0684479 0.822448
0 0.494553 0.502094 0.0420294 0.0598846 0.819535
0 0.193691 0.609347 0.0369909 0.0433767 0.507194
0 0.986774 0.968886 0.0261414 0.0619143 0.452024
