0 0.633837 0.955001 0.0725696 0.0899978 0.911956
0 0.74264 0.666139 0.0607077 0.0960421 0.910797
0 0.444912 0.469614 0.0501482 0.122286 0.90387
0 0.118018 0.847318 0.114168 0.172698 0.901855
0 0.03496 0.844465 0.0555278 0.0887379 0.901793
0 0.176368 0.651137 0.0485933 0.0722067 0.883332
0 0.654989 0.661224 0.0407674 0.0693101 0.873014
0 0.129883 0.694456 0.0468086 0.0693002 0.87041
0 0.241193 0.672312 0.043729 0.0671831 0.868012
0 0.0919507 0.736186 0.0484032 0.0658897 0.862522
0 0.340253 0.551927 0.041553 0.0609483 0.852968
0 0.496867 0.507983 0.0313131 0.0492545 0.85291
0 0.415737 0.636423 0.047094 0.0741108 0.841698
0 0.117209 0.843673 0.119455 0.185019 0.900846
0 0.743188 0.668899 0.0536489 0.0930105 0.877918
0 0.446825 0.470455 0.0477196 0.108387 0.871429
0 0.130591 0.692647 0.0457441 0.069696 0.861401
0 0.176101 0.651515 0.0503178 0.0694413 0.856117
0 0.63018 0.955127 0.0789794 0.0897451 0.851608
0 0.653813 0.659371 0.0452291 0.0672403 0.8483
0 0.0353395 0.847923 0.0558177 0.0974714 0.847401
0 0.412861 0.637173 0.0545191 0.0697684 0.843251
0 0.241957 0.673639 0.0447264 0.0625464 0.832122
0 0.0917232 0.734491 0.0499142 0.0610899 0.82158
0 0.341133 0.551288 0.0431648 0.0595348 0.821508
0 0.497002 0.506015 0.0421347 0.0595522 0.788951
0 0.801519 0.607832 0.0354458 0.0392196 0.4781
