0 0.929049 0.873724 0.130709 0.170088 0.913494
0 0.257786 0.636024 0.0559199 0.0885052 0.900862
0 0.607479 0.650525 0.0487976 0.0785151 0.896136
0 0.844318 0.656275 0.0503773 0.0741851 0.893727
0 0.375669 0.930371 0.0804794 0.116305 0.892463
0 0.564466 0.467334 0.0543969 0.1144 0.888117
0 0.784114 0.689175 0.0454039 0.0683723 0.883281
0 0.677562 0.557635 0.0426796 0.0643114 0.878781
0 0.891844 0.699088 0.0483364 0.0687655 0.872697
0 0.930681 0.74144 0.0506538 0.0666401 0.867772
0 0.340979 0.625658 0.0389976 0.0705696 0.861405
0 0.517513 0.51147 0.0341917 0.0558041 0.81078
0 0.932282 0.860479 0.130381 0.200678 0.903261
0 0.931847 0.743599 0.051627 0.0694037 0.894649
0 0.258173 0.635702 0.0551199 0.0922669 0.886196
0 0.844336 0.656736 0.0501068 0.0731141 0.879616
0 0.564893 0.471145 0.0540604 0.112526 0.872047
0 0.341776 0.623579 0.0478694 0.0720136 0.870996
0 0.376295 0.928773 0.0814937 0.118351 0.870774
0 0.891923 0.697698 0.0448698 0.0718908 0.856842
0 0.607812 0.653033 0.0576252 0.0801143 0.856772
0 0.782673 0.688986 0.0460756 0.0659494 0.837294
0 0.677642 0.55774 0.0460174 0.0627859 0.825787
0 0.516275 0.511718 0.0376858 0.0592031 0.689602
