0 0.619957 0.924221 0.0810177 0.116926 0.913425
0 0.430882 0.47261 0.0558598 0.113696 0.902071
0 0.0623231 0.875721 0.124646 0.184468 0.889694
0 0.208461 0.691885 0.0457302 0.0684093 0.881573
0 0.383438 0.653189 0.0443062 0.0840356 0.877933
0 0.0619654 0.743183 0.0511191 0.0660404 0.872111
0 0.477994 0.517749 0.0315216 0.0443981 0.870349
0 0.316162 0.560826 0.0434189 0.0636181 0.87025
0 0.149693 0.657865 0.0495971 0.0742321 0.858469
0 0.657529 0.620959 0.0381989 0.0682102 0.857654
0 0.74054 0.630858 0.0570349 0.0886578 0.857627
0 0.10109 0.701337 0.0499322 0.073122 0.842442
0 0.43148 0.471889 0.0536197 0.111536 0.913108
0 0.0622081 0.743242 0.0506712 0.0660879 0.894866
0 0.062422 0.867426 0.123681 0.193042 0.8927
0 0.101338 0.697719 0.0469991 0.073166 0.884694
0 0.619772 0.92047 0.0791462 0.121812 0.876328
0 0.149862 0.657991 0.0504103 0.0716909 0.869397
0 0.738934 0.631994 0.0536393 0.091287 0.866901
0 0.384606 0.657403 0.0582011 0.0819046 0.854338
0 0.209399 0.692094 0.0464016 0.0653311 0.852328
0 0.65657 0.616917 0.0454609 0.0695555 0.850024
0 0.316037 0.559433 0.0460965 0.0627735 0.819494
0 0.479635 0.514799 0.0371859 0.057655 0.802785
