0 0.616282 0.909609 0.0814043 0.112359 0.914409
0 0.424376 0.473647 0.0555809 0.122216 0.905744
0 0.138963 0.65812 0.0508336 0.0739128 0.899798
0 0.052237 0.882056 0.104436 0.178953 0.8852
0 0.736194 0.623186 0.0539506 0.0859447 0.881778
0 0.655476 0.609152 0.0376866 0.0679453 0.880538
0 0.0503754 0.744437 0.0506028 0.0661854 0.880364
0 0.195649 0.694665 0.0476665 0.0759951 0.876202
0 0.375143 0.661607 0.050124 0.078816 0.874372
0 0.470182 0.516797 0.0331812 0.0516275 0.871148
0 0.306685 0.561259 0.0443415 0.0665224 0.870314
0 0.0898094 0.701285 0.0502262 0.0756481 0.856796
0 0.7343 0.622606 0.0533978 0.0916979 0.905325
0 0.0505645 0.744097 0.0498065 0.0672279 0.892567
0 0.0501022 0.872396 0.100196 0.20233 0.885484
0 0.423115 0.471607 0.0535527 0.118051 0.883092
0 0.614581 0.909412 0.0766276 0.119326 0.876816
0 0.09032 0.698559 0.0457134 0.0724265 0.873585
0 0.139491 0.658194 0.0521406 0.0715599 0.852942
0 0.197145 0.697741 0.044917 0.0635582 0.851707
0 0.374735 0.663935 0.0604547 0.0783997 0.849359
0 0.654702 0.606654 0.0455416 0.0682488 0.835384
0 0.306736 0.559791 0.0465225 0.0629562 0.831767
0 0.471326 0.5164 0.0388005 0.0560835 0.81634
