0 0.560154 0.469414 0.0537664 0.121997 0.917189
0 0.83325 0.654562 0.0503382 0.0715977 0.903236
0 0.59563 0.644052 0.0486482 0.0773941 0.902168
0 0.257743 0.65214 0.0588094 0.0929747 0.901105
0 0.372645 0.947476 0.0834264 0.104273 0.900943
0 0.904808 0.860139 0.118264 0.176131 0.883394
0 0.770724 0.681175 0.0422852 0.0658409 0.868145
0 0.342795 0.645445 0.0407929 0.0685143 0.864728
0 0.880502 0.696269 0.0484745 0.0708764 0.864601
0 0.667783 0.55538 0.0417075 0.0629448 0.859986
0 0.980384 0.853193 0.0392325 0.0938622 0.854371
0 0.91844 0.738833 0.0498077 0.0638298 0.849971
0 0.508394 0.506891 0.032177 0.0617043 0.840775
0 0.905 0.853661 0.119881 0.193214 0.915514
0 0.832887 0.655957 0.0497309 0.0706075 0.885078
0 0.919173 0.738487 0.0488693 0.066441 0.873092
0 0.373864 0.946944 0.0811518 0.105473 0.868981
0 0.257064 0.654272 0.0549651 0.0903068 0.859987
0 0.769819 0.681707 0.0478729 0.0650137 0.855815
0 0.88035 0.696369 0.045825 0.0709474 0.845087
0 0.559076 0.470844 0.0539175 0.110386 0.842754
0 0.596667 0.646972 0.0545887 0.0744572 0.837309
0 0.9803 0.857117 0.0391384 0.101631 0.824445
0 0.667389 0.555111 0.0450051 0.0605553 0.824106
0 0.343269 0.641691 0.0441806 0.0695572 0.808808
0 0.507317 0.508857 0.041074 0.0635154 0.581179
