0 0.922756 0.834308 0.0610401 0.0868779 0.911502
0 0.841342 0.832228 0.110431 0.168351 0.894579
0 0.251734 0.694139 0.0623154 0.097928 0.884264
0 0.881643 0.72776 0.0463177 0.0613136 0.880934
0 0.799739 0.646015 0.0490616 0.0709634 0.874891
0 0.341386 0.691504 0.042815 0.0752668 0.873322
0 0.844496 0.688549 0.0439981 0.0656635 0.870128
0 0.63672 0.54629 0.0405764 0.0594807 0.860517
0 0.731383 0.660749 0.0421716 0.0662535 0.860144
0 0.972856 0.96497 0.0535759 0.0700212 0.853014
0 0.539393 0.469902 0.0505426 0.120905 0.845935
0 0.561738 0.623242 0.0449968 0.0685252 0.839911
0 0.354865 0.974687 0.0843102 0.0506261 0.797463
0 0.191045 0.625575 0.0350037 0.0478703 0.608528
0 0.48766 0.512482 0.0384482 0.0544996 0.602575
