0 0.440925 0.470771 0.0549763 0.118372 0.908693
0 0.093413 0.860314 0.118939 0.178467 0.900501
0 0.627546 0.947068 0.0843114 0.105458 0.897741
0 0.02029 0.852748 0.0399876 0.0900105 0.888928
0 0.166656 0.654718 0.0503429 0.0714259 0.886667
0 0.405029 0.64316 0.0504469 0.0743038 0.885525
0 0.743428 0.651121 0.0607273 0.0935434 0.876076
0 0.0807803 0.740042 0.0480534 0.0666222 0.874608
0 0.228844 0.681577 0.0433599 0.0660221 0.866395
0 0.490284 0.507718 0.0339174 0.059466 0.864589
0 0.119103 0.697191 0.0459449 0.0709501 0.86221
0 0.657643 0.646625 0.0403919 0.0678486 0.858673
0 0.331941 0.555264 0.0432857 0.0635912 0.853361
0 0.0927363 0.852224 0.119598 0.192904 0.884874
0 0.44283 0.470815 0.0502508 0.110274 0.884139
0 0.626296 0.947711 0.0854357 0.104506 0.870665
0 0.16623 0.655597 0.0526306 0.0692562 0.866323
0 0.743387 0.654414 0.0540886 0.0930776 0.858552
0 0.402398 0.647287 0.0556486 0.073395 0.850078
0 0.656627 0.643451 0.0456617 0.0654414 0.841155
0 0.229832 0.682723 0.0459904 0.063312 0.839676
0 0.0807013 0.739084 0.0495645 0.064518 0.838642
0 0.0197749 0.855794 0.0387159 0.0978094 0.835894
0 0.119422 0.696648 0.0450658 0.0706795 0.823751
0 0.332197 0.554789 0.0445381 0.0606213 0.813825
0 0.492762 0.506151 0.0432718 0.067478 0.67681
