0 0.1348 0.811238 0.0568719 0.0845879 0.898763
0 0.760615 0.735128 0.0591039 0.101033 0.898076
0 0.471226 0.602982 0.0421778 0.068167 0.896435
0 0.0987461 0.938376 0.0637343 0.0860607 0.88878
0 0.217192 0.803862 0.10264 0.160341 0.884719
0 0.482518 0.468716 0.0485974 0.121957 0.876742
0 0.663074 0.741474 0.0451111 0.0791246 0.865709
0 0.823233 0.658174 0.0355774 0.0499674 0.856035
0 0.23511 0.636312 0.0450316 0.067017 0.853785
0 0.193551 0.679647 0.0432157 0.0680984 0.851585
0 0.39447 0.535667 0.0385604 0.0589833 0.849458
0 0.156774 0.715778 0.0446037 0.0640608 0.846669
0 0.308111 0.640399 0.0412234 0.0604765 0.838313
0 0.535946 0.500052 0.0291354 0.0493987 0.791994
0 0.769537 0.617639 0.0333065 0.0403791 0.582853
0 0.768771 0.606827 0.0342328 0.0617627 0.570848
0 0.218797 0.80092 0.107661 0.169631 0.904625
0 0.100374 0.93969 0.0642904 0.0851208 0.887232
0 0.760898 0.734442 0.0583559 0.106067 0.880138
0 0.483584 0.466252 0.0463389 0.104378 0.875758
0 0.471424 0.60416 0.0469826 0.0665543 0.860904
0 0.236183 0.635707 0.0463375 0.0677672 0.856196
0 0.662464 0.739167 0.0492565 0.0769749 0.852928
0 0.135089 0.81251 0.0561764 0.085466 0.85265
0 0.193514 0.67948 0.0420907 0.0665457 0.850789
0 0.15694 0.716692 0.0452791 0.0632389 0.846947
0 0.824188 0.658664 0.0370697 0.0536067 0.840383
0 0.394172 0.535408 0.0378608 0.0570061 0.827245
0 0.311018 0.639353 0.0418622 0.0579426 0.806574
0 0.536208 0.501125 0.0331463 0.0501885 0.775732
0 0.767836 0.620224 0.0363664 0.0342095 0.731058
