0 0.576156 0.458508 0.0576762 0.122927 0.928804
0 0.371044 0.836248 0.0699984 0.108878 0.896486
0 0.96465 0.7389 0.0518822 0.0695496 0.892381
0 0.0611126 0.957753 0.103767 0.0842857 0.889689
0 0.924173 0.69103 0.0515594 0.0742329 0.884382
0 0.6387 0.66961 0.0564484 0.0859215 0.884372
0 0.873093 0.650403 0.0523047 0.0774681 0.880732
0 0.702165 0.553921 0.0460872 0.066165 0.87091
0 0.528336 0.495802 0.0358501 0.0762606 0.868121
0 0.826153 0.705336 0.0497046 0.0680662 0.859476
0 0.973423 0.899972 0.0531549 0.183712 0.778263
0 0.248428 0.576446 0.0470499 0.0606106 0.770765
0 0.32208 0.560592 0.0378136 0.0446059 0.682948
0 0.964671 0.739416 0.0521408 0.0716558 0.872715
0 0.924236 0.691346 0.0495152 0.0736363 0.869907
0 0.246475 0.574676 0.0529892 0.0708466 0.860309
0 0.872521 0.651419 0.0521759 0.0785534 0.858316
0 0.826094 0.705457 0.0545088 0.0655478 0.855332
0 0.639256 0.670713 0.0623171 0.0864405 0.84427
0 0.0588809 0.956192 0.0985278 0.0876169 0.843919
0 0.371468 0.836778 0.0722262 0.109104 0.842436
0 0.575498 0.454853 0.0611368 0.125858 0.8356
0 0.701677 0.554682 0.0518045 0.0659919 0.835588
0 0.973824 0.882107 0.0521591 0.221142 0.824225
0 0.52723 0.503054 0.0414803 0.0657217 0.715648
0 0.321184 0.557227 0.0454938 0.0455667 0.684625
