0 0.0444985 0.839628 0.0570416 0.0899185 0.916587
0 0.126623 0.841999 0.109388 0.173535 0.913793
0 0.63644 0.959475 0.0742137 0.0810497 0.912266
0 0.449935 0.469199 0.0521246 0.124437 0.910617
0 0.745299 0.667812 0.0609282 0.0993527 0.898231
0 0.42048 0.631147 0.0469793 0.0721647 0.890219
0 0.181595 0.646044 0.0473449 0.0710764 0.889961
0 0.135082 0.689611 0.0449165 0.0690616 0.881367
0 0.656156 0.665293 0.0405292 0.0698308 0.87278
0 0.247668 0.667179 0.044292 0.0650461 0.87021
0 0.345772 0.547346 0.0402335 0.0608808 0.853361
0 0.499618 0.506188 0.0319749 0.0497919 0.849396
0 0.0994131 0.729978 0.0464109 0.061709 0.844923
0 0.127 0.840546 0.116799 0.175969 0.893284
0 0.744842 0.670829 0.053895 0.0932812 0.889981
0 0.135672 0.690477 0.0438325 0.0701669 0.876949
0 0.0440252 0.842466 0.0567817 0.0962578 0.867797
0 0.450524 0.466634 0.0491433 0.108532 0.862092
0 0.418816 0.632725 0.0552863 0.0689623 0.861453
0 0.181782 0.646601 0.0499909 0.0678087 0.853946
0 0.633574 0.957787 0.0825094 0.084427 0.848534
0 0.250209 0.668681 0.0480052 0.0610106 0.842278
0 0.65462 0.66248 0.0448803 0.0714322 0.833811
0 0.346739 0.546569 0.0425229 0.060071 0.821609
0 0.0974454 0.729992 0.0490186 0.0638668 0.810941
0 0.50031 0.50331 0.0378617 0.0549985 0.762684
0 0.803466 0.607974 0.0369879 0.0417418 0.683445
0 0.00581334 0.973402 0.0116267 0.0531958 0.355486
