0 0.158725 0.83274 0.107072 0.169579 0.906692
0 0.750558 0.693682 0.0621721 0.0996855 0.897733
0 0.0763804 0.833236 0.0588762 0.0864662 0.89024
0 0.65805 0.692533 0.0409877 0.0715342 0.890102
0 0.200281 0.646543 0.0477938 0.0703508 0.882139
0 0.0266436 0.964131 0.0532872 0.0717376 0.874004
0 0.26751 0.662313 0.0432248 0.0636656 0.871428
0 0.460553 0.472434 0.0494345 0.126396 0.871297
0 0.118308 0.728687 0.0445058 0.0639132 0.857425
0 0.437136 0.624553 0.0475443 0.0700163 0.851883
0 0.155482 0.689088 0.0433849 0.0681364 0.848729
0 0.511507 0.513773 0.0316616 0.05028 0.84008
0 0.362854 0.547184 0.0405141 0.0601326 0.834034
0 0.809629 0.624549 0.0354813 0.0486156 0.816189
0 0.644485 0.975122 0.0832523 0.0497564 0.816041
0 0.160404 0.832479 0.114749 0.175804 0.931282
0 0.0776356 0.836216 0.0571996 0.0959806 0.90104
0 0.74954 0.696445 0.0561066 0.0959877 0.873219
0 0.155249 0.688083 0.043257 0.0683199 0.849224
0 0.200088 0.646412 0.0488927 0.0694796 0.848172
0 0.0282874 0.964225 0.0560251 0.0711994 0.841121
0 0.268832 0.661171 0.0453771 0.0585798 0.832999
0 0.657624 0.689453 0.0460694 0.0743027 0.832672
0 0.117706 0.729176 0.0481365 0.0641221 0.831123
0 0.437914 0.625438 0.0524662 0.0695549 0.829351
0 0.363008 0.546447 0.0434013 0.0578572 0.82588
0 0.81043 0.62415 0.0380764 0.0521896 0.824324
0 0.461345 0.468412 0.048143 0.107009 0.813889
0 0.64351 0.973079 0.0847664 0.0538416 0.69693
0 0.509554 0.503882 0.0357929 0.0548496 0.523458
