0 0.370869 0.664696 0.0511601 0.0804916 0.91445
0 0.420367 0.472421 0.0561693 0.122666 0.91182
0 0.614286 0.902727 0.0790586 0.10986 0.895086
0 0.73498 0.617294 0.0527637 0.0867525 0.894861
0 0.466721 0.515429 0.0335007 0.0523293 0.89338
0 0.18999 0.698498 0.0472065 0.0705465 0.892653
0 0.0460281 0.745662 0.0507298 0.0675709 0.886833
0 0.134111 0.658229 0.0503279 0.0747785 0.88321
0 0.0468157 0.88559 0.093034 0.18975 0.877012
0 0.302885 0.562252 0.0452074 0.0657948 0.86001
0 0.654907 0.605013 0.037405 0.064407 0.858294
0 0.0847446 0.700718 0.0496159 0.0769272 0.854177
