0 0.0682024 0.86675 0.128278 0.185706 0.913088
0 0.3936 0.650752 0.0505338 0.0785019 0.902097
0 0.215901 0.688769 0.0460539 0.0666956 0.89602
0 0.435248 0.472096 0.0542797 0.118791 0.893295
0 0.623676 0.930816 0.0825048 0.115614 0.89044
0 0.155497 0.656097 0.0499511 0.0731799 0.884126
0 0.742419 0.636114 0.0578476 0.0900613 0.874138
0 0.068005 0.743784 0.0488318 0.0687588 0.871543
0 0.322127 0.557995 0.0435132 0.0617576 0.858676
0 0.482701 0.516628 0.0328605 0.0450806 0.856338
0 0.107478 0.69976 0.0489326 0.0739912 0.853654
0 0.659602 0.623515 0.037862 0.0702269 0.847819
