0 0.789498 0.642896 0.0481926 0.0686054 0.906471
0 0.951738 0.958286 0.0657761 0.083427 0.900509
0 0.902656 0.826004 0.0584892 0.0856331 0.894285
0 0.821983 0.823221 0.106162 0.164095 0.892992
0 0.24885 0.709116 0.0589774 0.101729 0.884938
0 0.534038 0.469363 0.04761 0.121474 0.876372
0 0.551679 0.616444 0.0459638 0.0674777 0.872643
0 0.832799 0.685905 0.0436203 0.0672565 0.868316
0 0.868793 0.723912 0.0459963 0.0623354 0.866321
0 0.342478 0.711023 0.0441763 0.0760913 0.865365
0 0.718987 0.65489 0.0405809 0.0629875 0.864851
0 0.627265 0.542332 0.0401694 0.0601233 0.846926
0 0.18773 0.637355 0.0359797 0.0500639 0.843038
0 0.353201 0.985671 0.0808483 0.0281521 0.673993
0 0.482045 0.506096 0.031846 0.0559273 0.468549
