0 0.0899552 0.940836 0.0681765 0.0861427 0.920747
0 0.210582 0.805466 0.100192 0.162164 0.905825
0 0.758717 0.72751 0.0627526 0.100712 0.891343
0 0.128291 0.811947 0.0572919 0.0835644 0.888719
0 0.481355 0.466389 0.0483873 0.114209 0.887796
0 0.468339 0.604255 0.0436533 0.0674396 0.876843
0 0.391438 0.535638 0.0392237 0.0586613 0.874931
0 0.231104 0.635203 0.0459187 0.0678238 0.863232
0 0.66274 0.73336 0.0455663 0.0777977 0.860235
0 0.304839 0.639221 0.0396783 0.0591063 0.840811
0 0.822436 0.652224 0.0362215 0.0518158 0.834769
0 0.189236 0.678746 0.0453443 0.0676785 0.828675
0 0.15273 0.715079 0.0450727 0.0627374 0.826944
0 0.53384 0.498311 0.0303086 0.0489727 0.815637
0 0.768261 0.602856 0.0342339 0.0580318 0.548806
0 0.212174 0.801384 0.105809 0.174196 0.920526
0 0.760502 0.727344 0.0590327 0.102556 0.873236
0 0.0920589 0.940542 0.0645793 0.0874374 0.866167
0 0.128934 0.81328 0.0559267 0.0880619 0.865147
0 0.189553 0.678397 0.0418562 0.065924 0.85544
0 0.468256 0.605278 0.0480448 0.0661427 0.8544
0 0.480883 0.464744 0.0483781 0.102178 0.852787
0 0.662633 0.730599 0.0474245 0.0797409 0.840982
0 0.151833 0.71553 0.0433144 0.0649412 0.839957
0 0.231091 0.635257 0.0478023 0.0664324 0.835642
0 0.824188 0.65245 0.0386395 0.052312 0.823787
0 0.391719 0.534695 0.0378166 0.057506 0.802074
0 0.532696 0.498875 0.0347061 0.0507238 0.785456
0 0.305523 0.640052 0.0427909 0.0571849 0.779692
0 0.766973 0.61386 0.0365124 0.0331429 0.634581
