0 0.035344 0.739053 0.0525278 0.0699025 0.893439
0 0.424428 0.458698 0.0569174 0.123797 0.892894
0 0.360824 0.670921 0.0552538 0.0871214 0.892295
0 0.941725 0.957205 0.0990103 0.0855893 0.88844
0 0.629921 0.835776 0.072908 0.107505 0.88472
0 0.127165 0.649587 0.0519533 0.0772251 0.880953
0 0.173342 0.705005 0.0497722 0.0689973 0.875194
0 0.075686 0.691681 0.0504882 0.0746542 0.870928
0 0.297431 0.554113 0.0449856 0.0664337 0.867531
0 0.471776 0.506847 0.0350758 0.0536015 0.858101
0 0.0252729 0.892239 0.049963 0.17716 0.808972
0 0.678697 0.559683 0.036836 0.0440416 0.793112
0 0.752911 0.574288 0.0507797 0.0650005 0.668496
0 0.0109584 0.957926 0.0219167 0.0772419 0.282654
0 0.0181045 0.992506 0.0360585 0.0149223 0.270867
0 0.0350915 0.740165 0.0525494 0.0718366 0.887319
0 0.075498 0.690676 0.0490353 0.0760546 0.874214
0 0.941272 0.956138 0.0990938 0.0877235 0.872954
0 0.425248 0.45855 0.0581063 0.124547 0.871729
0 0.751765 0.574829 0.0513006 0.0702045 0.867129
0 0.173848 0.704244 0.0525054 0.0668135 0.866917
0 0.127095 0.651415 0.0519496 0.0782648 0.859324
0 0.628795 0.836802 0.0724833 0.109558 0.856339
0 0.297957 0.55428 0.0479049 0.0650093 0.842529
0 0.359971 0.670478 0.0626388 0.0857477 0.833072
0 0.0261023 0.89556 0.0522042 0.199166 0.803756
0 0.471737 0.505521 0.0408935 0.0607627 0.769593
0 0.677666 0.557268 0.042265 0.0424245 0.594073
