0 0.751427 0.704502 0.05912 0.0983805 0.908076
0 0.0370499 0.960414 0.0702803 0.0791729 0.905646
0 0.657253 0.706058 0.0429014 0.074596 0.894429
0 0.445805 0.619341 0.0419868 0.0701206 0.894429
0 0.172143 0.826674 0.111005 0.168585 0.893768
0 0.206963 0.644975 0.0460886 0.0700059 0.89264
0 0.090231 0.828697 0.0591452 0.0861849 0.862742
0 0.369258 0.544522 0.0412562 0.0593995 0.859003
0 0.811316 0.633756 0.034864 0.0492538 0.848092
0 0.162851 0.688211 0.04622 0.0696615 0.831314
0 0.27708 0.657165 0.0415509 0.0630149 0.826409
0 0.46481 0.473953 0.0497006 0.127665 0.820058
0 0.125861 0.7249 0.0454247 0.0629911 0.81765
0 0.646189 0.980572 0.0858269 0.0388203 0.777241
0 0.515985 0.517132 0.0303897 0.0509907 0.606581
0 0.172169 0.82419 0.110303 0.180441 0.906494
0 0.0907991 0.830552 0.0562726 0.0934315 0.893128
0 0.163475 0.684888 0.0424701 0.0687944 0.879578
0 0.0386284 0.96075 0.0719369 0.0784996 0.874699
0 0.750708 0.707511 0.0558903 0.0981256 0.871462
0 0.465901 0.468718 0.0475005 0.103147 0.854375
0 0.125765 0.726163 0.0465106 0.0634283 0.851117
0 0.207902 0.644745 0.0484702 0.0674896 0.849817
0 0.44775 0.62075 0.0465089 0.0693815 0.838767
0 0.277552 0.6572 0.04384 0.0620485 0.820791
0 0.81181 0.633649 0.0387667 0.0535001 0.817658
0 0.656447 0.703607 0.0460457 0.0718864 0.81242
0 0.369872 0.545278 0.0419519 0.0585594 0.796845
0 0.644762 0.980844 0.0916273 0.0382462 0.663113
0 0.516236 0.504621 0.0326132 0.0531194 0.380154
