0 0.62119 0.660353 0.0456776 0.0787426 0.90646
0 0.942217 0.882986 0.115566 0.172244 0.89852
0 0.383532 0.917805 0.0772905 0.114282 0.888105
0 0.855864 0.658383 0.0508606 0.0736189 0.886936
0 0.572877 0.473736 0.0556253 0.117519 0.886367
0 0.943383 0.744694 0.0510536 0.0669939 0.880662
0 0.263314 0.628364 0.0529524 0.0888947 0.8721
0 0.34373 0.615993 0.0392929 0.0678843 0.871203
0 0.797197 0.694405 0.0455381 0.0708317 0.866825
0 0.90453 0.701692 0.0483799 0.0695735 0.861753
0 0.525811 0.516756 0.0318199 0.0490337 0.855367
0 0.688058 0.559862 0.0429348 0.0643074 0.83844
0 0.943148 0.872789 0.113704 0.199027 0.905391
0 0.94421 0.745332 0.0508537 0.0702693 0.893081
0 0.573088 0.472893 0.0525301 0.112989 0.878501
0 0.621417 0.661331 0.0580371 0.0791985 0.874719
0 0.383865 0.916936 0.0789538 0.120289 0.871059
0 0.343868 0.612597 0.0472993 0.0729889 0.870589
0 0.904272 0.702232 0.0465649 0.0708557 0.862765
0 0.856464 0.658807 0.0512266 0.0725983 0.861158
0 0.26317 0.62682 0.0533772 0.0918477 0.858089
0 0.795785 0.694619 0.0497208 0.0674137 0.850564
0 0.687959 0.559788 0.0447987 0.0646183 0.832089
0 0.525435 0.516746 0.0359406 0.0556343 0.705344
