0 0.207897 0.740312 0.0918645 0.0993918 0.900608
0 0.21409 0.31791 0.0524614 0.0454648 0.870084
0 0.405405 0.402198 0.0489923 0.0407779 0.827315
0 0.33459 0.218172 0.0415717 0.0332186 0.819237
0 0.0151469 0.460574 0.0295294 0.0456219 0.741249
0 0.451938 0.167498 0.0309769 0.0249031 0.303883
0 0.206541 0.740736 0.0941393 0.102256 0.889977
0 0.405887 0.402001 0.0463019 0.0420404 0.853013
0 0.212947 0.316456 0.0471741 0.0456666 0.824809
0 0.0115213 0.458571 0.0226322 0.0450741 0.776845
0 0.334413 0.217388 0.0372173 0.0304926 0.264904
