0 0.768084 0.306988 0.0562769 0.0862623 0.905239
0 0.738301 0.485014 0.0468065 0.0503632 0.88087
0 0.396187 0.341258 0.0662963 0.107743 0.880584
0 0.376529 0.225696 0.0340247 0.0319026 0.801624
0 0.682613 0.221466 0.022707 0.0266673 0.729912
0 0.682693 0.286481 0.0300293 0.0268199 0.476469
0 0.720285 0.18276 0.0283312 0.030784 0.318184
0 0.769625 0.305373 0.0572441 0.0922095 0.874253
0 0.394602 0.340034 0.0591514 0.108832 0.867985
0 0.737805 0.482843 0.049432 0.0512161 0.818962
0 0.375764 0.225106 0.0341449 0.0311216 0.77837
0 0.684147 0.286568 0.0412674 0.0302568 0.706095
0 0.68217 0.221825 0.0291653 0.0277609 0.438802
