0 0.71142 0.886328 0.0328079 0.0555202 0.873796
0 0.615377 0.712674 0.0647538 0.0976213 0.835463
0 0.611783 0.887949 0.0303862 0.0597561 0.832542
0 0.534841 0.750237 0.0230471 0.0384943 0.826391
0 0.606994 0.78519 0.029567 0.0502413 0.823319
0 0.559886 0.722463 0.0219191 0.0358559 0.806045
0 0.459054 0.655765 0.0387993 0.0494203 0.651672
0 0.447126 0.759765 0.0352743 0.0746355 0.520223
0 0.712046 0.886616 0.0352719 0.0579075 0.872087
0 0.559721 0.721469 0.0223503 0.0350511 0.834898
0 0.53571 0.750947 0.0210543 0.0368401 0.831034
0 0.612106 0.885053 0.0315255 0.0567593 0.821008
0 0.446533 0.766792 0.039274 0.0923428 0.77888
0 0.614658 0.715475 0.0704767 0.102174 0.727142
0 0.607464 0.79019 0.030732 0.0565409 0.570601
0 0.447244 0.749251 0.0338568 0.0564753 0.485226
