0 0.599455 0.24573 0.0677288 0.120404 0.893201
0 0.48463 0.282879 0.022201 0.0426777 0.860673
0 0.439965 0.279844 0.0250252 0.0475453 0.850439
0 0.453124 0.515239 0.0361562 0.0808779 0.841371
0 0.693317 0.345605 0.0309971 0.0475167 0.8338
0 0.478306 0.866165 0.056008 0.15101 0.813438
0 0.409565 0.164482 0.0184767 0.027495 0.369797
0 0.601321 0.246502 0.0655807 0.120995 0.886305
0 0.476831 0.868987 0.0603535 0.150312 0.883673
0 0.440999 0.278651 0.0247327 0.0445071 0.845003
0 0.69365 0.348553 0.0329921 0.0530679 0.841659
0 0.452159 0.515034 0.0373629 0.0777205 0.832561
0 0.484248 0.282032 0.0235262 0.0400629 0.83144
0 0.409992 0.164534 0.0194555 0.0249367 0.76988
0 0.380117 0.16702 0.0230706 0.0375031 0.734414
0 0.325624 0.147929 0.01938 0.0282321 0.333382
