0 0.566738 0.0386718 0.0912453 0.0773113 0.89744
0 0.452875 0.327295 0.0380394 0.0832751 0.858755
0 0.596003 0.177381 0.0340761 0.0649353 0.853865
0 0.412068 0.233472 0.0254167 0.0591999 0.848695
0 0.494371 0.671541 0.0506193 0.141788 0.797546
0 0.376811 0.104015 0.0237636 0.0456481 0.741335
0 0.493826 0.674634 0.0592745 0.148063 0.862278
0 0.59649 0.177917 0.0347134 0.0689445 0.856505
0 0.451804 0.32991 0.0401068 0.0819772 0.856079
0 0.568233 0.0399962 0.089213 0.0799923 0.832815
0 0.411821 0.234673 0.027486 0.0624448 0.805094
0 0.377762 0.104358 0.0232296 0.0430801 0.801346
