0 0.414243 0.458164 0.0298644 0.0502295 0.848241
0 0.606692 0.594811 0.0305085 0.0575169 0.843482
0 0.555941 0.656249 0.0397329 0.10184 0.829818
0 0.555206 0.268439 0.0583076 0.0641868 0.806237
0 0.406353 0.405905 0.0332298 0.05273 0.746114
0 0.56278 0.405635 0.0267498 0.0537857 0.628637
0 0.607242 0.596086 0.0317332 0.0566023 0.840755
0 0.406432 0.404544 0.0319441 0.050623 0.835082
0 0.414063 0.460902 0.0329943 0.0551397 0.822083
0 0.555803 0.673061 0.0459858 0.0768489 0.81052
0 0.561788 0.403624 0.0239885 0.0474446 0.759078
0 0.555749 0.269148 0.055966 0.0650296 0.617296
0 0.48359 0.301969 0.0208938 0.0279648 0.45715
