0 0.290755 0.577052 0.0485943 0.0864252 0.895735
0 0.500236 0.707725 0.044094 0.0985779 0.871842
0 0.584367 0.721706 0.046699 0.1161 0.855614
0 0.479282 0.236389 0.058783 0.0802797 0.853808
0 0.508851 0.397251 0.0247717 0.0505518 0.841972
0 0.558215 0.341344 0.0290187 0.0601693 0.840014
0 0.315685 0.865054 0.0658506 0.132303 0.832828
0 0.604708 0.313741 0.0216377 0.0363909 0.787555
0 0.399195 0.290861 0.0243485 0.0353907 0.775255
0 0.634538 0.230723 0.0217731 0.0317585 0.415598
0 0.291905 0.576664 0.051325 0.0884025 0.877175
0 0.315121 0.867213 0.0690228 0.135069 0.875158
0 0.477267 0.239926 0.0591521 0.0845415 0.8744
0 0.501921 0.709601 0.0423199 0.0968301 0.868525
0 0.585005 0.728587 0.0488228 0.106761 0.845722
0 0.557337 0.340195 0.0285811 0.0515646 0.827213
0 0.508054 0.396496 0.0267067 0.0494122 0.825071
0 0.605941 0.311139 0.0241867 0.0327737 0.819609
0 0.398531 0.290626 0.0246693 0.0368207 0.810346
0 0.633924 0.23064 0.0216394 0.0323909 0.330152
