0 0.683703 0.86376 0.0655348 0.130625 0.882185
0 0.415518 0.719008 0.0450485 0.115762 0.878445
0 0.708251 0.576279 0.0496197 0.0852224 0.873848
0 0.498289 0.708469 0.0437841 0.0970785 0.871869
0 0.520654 0.237885 0.0586283 0.0803245 0.856555
0 0.491338 0.395362 0.0241853 0.046166 0.839075
0 0.394332 0.311274 0.0205295 0.0333323 0.83235
0 0.442275 0.338615 0.0281427 0.0613263 0.723567
0 0.600297 0.292445 0.024198 0.0335593 0.699881
0 0.685296 0.864827 0.0714101 0.135684 0.875021
0 0.4984 0.709038 0.0421103 0.0951059 0.873184
0 0.709102 0.577006 0.0525462 0.0892243 0.863874
0 0.415319 0.727177 0.0479007 0.104925 0.849517
0 0.491487 0.395633 0.0256426 0.0486618 0.849103
0 0.39456 0.31082 0.0235567 0.0318551 0.845902
0 0.443272 0.336392 0.0269814 0.0536894 0.835588
0 0.522891 0.24098 0.0589862 0.0855691 0.815597
0 0.601587 0.290654 0.0236673 0.034901 0.776882
0 0.366488 0.231109 0.0211766 0.0317669 0.67084
