0 0.699641 0.360675 0.101142 0.209123 0.886637
0 0.83383 0.61221 0.0537655 0.0823233 0.885196
0 0.498724 0.264569 0.0250073 0.0504064 0.851666
0 0.43933 0.192777 0.0246094 0.0444871 0.81198
0 0.406549 0.0931277 0.0182187 0.0261333 0.738604
0 0.39882 0.0274731 0.100391 0.0545235 0.406996
0 0.49846 0.263006 0.0274693 0.0540983 0.896938
0 0.697163 0.365355 0.0941545 0.218934 0.886119
0 0.833735 0.614931 0.0566338 0.0937035 0.877914
0 0.440076 0.192155 0.0251839 0.044452 0.835392
0 0.40727 0.0923558 0.0225291 0.0275357 0.754336
0 0.373249 0.0854452 0.02032 0.030648 0.593137
