0 0.55979 0.235788 0.0603559 0.102328 0.917195
0 0.798751 0.881124 0.0805946 0.157266 0.889426
0 0.503435 0.43573 0.0288618 0.056921 0.878673
0 0.388138 0.914167 0.0654968 0.158861 0.871668
0 0.448307 0.434948 0.027849 0.0582453 0.865905
0 0.459623 0.259688 0.0201487 0.034838 0.837321
0 0.64515 0.306886 0.0284288 0.0444457 0.817771
0 0.364612 0.222036 0.0221205 0.0338287 0.432947
0 0.391092 0.91271 0.0689306 0.154102 0.908845
0 0.798071 0.884578 0.081861 0.164229 0.893826
0 0.415103 0.244317 0.0253468 0.0435409 0.84975
0 0.447872 0.436405 0.0292407 0.0582632 0.846565
0 0.459554 0.258169 0.0229659 0.0357965 0.823753
0 0.504568 0.435738 0.0285021 0.0583101 0.809243
0 0.644872 0.306688 0.0280784 0.0411623 0.799355
0 0.561758 0.238253 0.0605041 0.1011 0.769421
0 0.3655 0.22207 0.0208604 0.0296838 0.631428
