0 0.318864 0.913533 0.0538898 0.103716 0.878787
0 0.455224 0.53288 0.027438 0.0575064 0.865176
0 0.406598 0.289087 0.056586 0.0574974 0.799931
0 0.378597 0.975081 0.0625543 0.0493507 0.769605
0 0.537717 0.41458 0.0277855 0.0410967 0.673275
0 0.54602 0.38589 0.0272245 0.0370829 0.342027
0 0.319585 0.914691 0.057725 0.109397 0.897427
0 0.455125 0.533869 0.0314238 0.0612385 0.834648
0 0.539587 0.416658 0.0277001 0.0448303 0.813862
0 0.381266 0.9732 0.0629158 0.0528797 0.801507
0 0.546311 0.386703 0.0282294 0.038115 0.782782
0 0.407008 0.2901 0.0542492 0.0580884 0.419886
0 0.350333 0.328028 0.0188878 0.0293652 0.41291
