0 0.40594 0.708177 0.0654087 0.183141 0.888234
0 0.551681 0.0910591 0.0306189 0.0537781 0.868344
0 0.376272 0.206669 0.0278175 0.053395 0.863347
0 0.394237 0.392591 0.0369212 0.0835982 0.86054
0 0.523374 0.020872 0.0892141 0.041744 0.780612
0 0.382962 0.00609319 0.0205567 0.0121864 0.328475
0 0.404952 0.716283 0.0747954 0.17429 0.891747
0 0.551955 0.0926074 0.0311028 0.0583994 0.847917
0 0.376506 0.207287 0.0305773 0.0557999 0.847884
0 0.395641 0.393128 0.0385171 0.0840074 0.843323
0 0.382688 0.00565772 0.0211778 0.0113154 0.438201
