0 0.680383 0.912465 0.0538252 0.103804 0.884232
0 0.543864 0.533479 0.026454 0.0582409 0.866493
0 0.621302 0.966388 0.0620569 0.0672232 0.682868
0 0.593355 0.28887 0.0550852 0.0575172 0.675145
0 0.620556 0.975685 0.060773 0.048214 0.614604
0 0.681625 0.914329 0.057065 0.107518 0.896939
0 0.544222 0.533543 0.0292583 0.0616787 0.829631
0 0.461345 0.415782 0.0269152 0.041677 0.795036
0 0.620547 0.973718 0.0649633 0.0520773 0.782156
0 0.594012 0.28933 0.0541873 0.0550546 0.733862
0 0.453027 0.385573 0.0267082 0.0395707 0.708594
0 0.649959 0.328995 0.0198799 0.0295891 0.493981
