0 0.551885 0.437263 0.0273331 0.0610582 0.89093
0 0.203431 0.881892 0.0719627 0.16075 0.884696
0 0.610443 0.912801 0.0649112 0.153878 0.869649
0 0.354376 0.307333 0.0273188 0.0450168 0.862968
0 0.43903 0.236505 0.0599809 0.100922 0.858956
0 0.496189 0.434474 0.0280964 0.0534902 0.857197
0 0.540464 0.26023 0.0216425 0.0357102 0.8305
0 0.585635 0.246533 0.0263927 0.0470697 0.652491
0 0.635409 0.221023 0.0225204 0.0320622 0.581325
0 0.438486 0.236059 0.0621418 0.100543 0.908424
0 0.610809 0.91252 0.0699256 0.153359 0.900181
0 0.202436 0.880826 0.0805525 0.154362 0.879449
0 0.496001 0.436074 0.0275463 0.0584723 0.871511
0 0.585244 0.244971 0.0250772 0.043961 0.834599
0 0.551719 0.435747 0.0307012 0.056811 0.821285
0 0.540645 0.259114 0.0228335 0.0349609 0.802135
0 0.354807 0.306886 0.0289603 0.042718 0.781907
0 0.634723 0.221461 0.0210962 0.0279191 0.583813
