0 0.825858 0.86069 0.0933176 0.160519 0.878891
0 0.533298 0.13555 0.0238232 0.0413566 0.841985
0 0.234731 0.552058 0.136806 0.388038 0.789799
0 0.0324725 0.971426 0.0648484 0.0571472 0.721262
0 0.590852 0.098533 0.0234612 0.0423083 0.649949
0 0.828978 0.860632 0.0928299 0.1703 0.880078
0 0.23432 0.546886 0.135719 0.37278 0.871442
0 0.533059 0.135392 0.0240102 0.0395926 0.781595
0 0.59029 0.0961061 0.0238881 0.0393628 0.713928
0 0.033429 0.972722 0.0665629 0.0542667 0.666565
0 0.639313 0.0228313 0.0181025 0.02244 0.577303
0 0.670704 0.0154225 0.0180733 0.0259431 0.420884
0 0.539814 0.0412589 0.0240999 0.0381407 0.315853
