0 0.688842 0.730918 0.0647719 0.139367 0.881967
0 0.666553 0.387538 0.0439579 0.078302 0.880893
0 0.573331 0.0408835 0.0219868 0.0325385 0.812421
0 0.493525 0.0380685 0.0272438 0.0427328 0.736766
0 0.625294 0.0193044 0.0219944 0.0320093 0.312971
0 0.667216 0.38995 0.0478479 0.0808503 0.894397
0 0.121842 0.810258 0.223345 0.379483 0.893732
0 0.689536 0.737619 0.0699162 0.150792 0.892845
0 0.493944 0.0405544 0.0259018 0.0448833 0.854517
0 0.625436 0.0180951 0.0210737 0.0297581 0.628556
0 0.573398 0.0391313 0.0204491 0.0319362 0.487247
