0 0.392305 0.78454 0.0285529 0.0468409 0.874476
0 0.289102 0.883755 0.0314588 0.0517807 0.863053
0 0.388269 0.886466 0.0291692 0.056946 0.852641
0 0.385164 0.713545 0.0663763 0.0979275 0.839143
0 0.465213 0.749751 0.0233013 0.0379555 0.823183
0 0.439988 0.721718 0.0229105 0.0340168 0.810943
0 0.554139 0.751332 0.0342413 0.0591403 0.701666
0 0.384413 0.715938 0.068141 0.108222 0.912618
0 0.288386 0.886388 0.0344877 0.0557299 0.873699
0 0.439761 0.722066 0.0240026 0.035329 0.833206
0 0.392072 0.788853 0.0306391 0.0548807 0.820191
0 0.388061 0.888511 0.0322565 0.0618492 0.807969
0 0.553108 0.752383 0.035853 0.0662628 0.802596
0 0.464056 0.748924 0.022438 0.0377289 0.726778
0 0.540325 0.655874 0.0362589 0.0465006 0.699171
