0 0.515611 0.282671 0.0248493 0.0444159 0.872535
0 0.560556 0.279838 0.0254673 0.0512817 0.869995
0 0.306449 0.343822 0.0309321 0.0449397 0.838461
0 0.547213 0.515821 0.0365639 0.0844301 0.830282
0 0.519936 0.867235 0.0526774 0.150238 0.825497
0 0.400464 0.249899 0.0660732 0.126299 0.821413
0 0.589594 0.163615 0.0202293 0.0294633 0.568075
0 0.673869 0.147989 0.0192768 0.0270518 0.252215
0 0.400371 0.244635 0.065309 0.120849 0.905009
0 0.523018 0.868245 0.0595146 0.148223 0.862895
0 0.547926 0.516741 0.0381737 0.0778362 0.861648
0 0.306298 0.347779 0.0316248 0.0499605 0.846715
0 0.55951 0.279631 0.0269252 0.0466043 0.820756
0 0.515318 0.282114 0.0252876 0.0408789 0.80987
0 0.589742 0.1644 0.0197378 0.0248572 0.687095
0 0.619483 0.166468 0.0235455 0.03666 0.65563
0 0.674465 0.147418 0.0184866 0.0259195 0.4058
