0 0.712511 0.755071 0.0883156 0.159164 0.894995
0 0.402714 0.82039 0.0387649 0.0766401 0.869584
0 0.636787 0.742476 0.0278903 0.0510687 0.865883
0 0.541456 0.651367 0.04175 0.0727867 0.856338
0 0.625627 0.879074 0.0330447 0.0565296 0.851369
0 0.447085 0.836874 0.0299868 0.0602907 0.847732
0 0.507178 0.858689 0.0312311 0.0781914 0.838242
0 0.688315 0.871054 0.0421589 0.0632238 0.835992
0 0.713448 0.753942 0.0862754 0.158158 0.902302
0 0.688551 0.86959 0.0406856 0.0639866 0.882804
0 0.401916 0.819821 0.0397162 0.0788904 0.879997
0 0.447049 0.836112 0.0282209 0.0590113 0.871864
0 0.507836 0.85974 0.0301867 0.0753391 0.870213
0 0.636748 0.742434 0.0299556 0.0518787 0.863882
0 0.541778 0.652109 0.0404879 0.0697988 0.853682
0 0.626666 0.875319 0.0322842 0.0534264 0.838561
