0 0.172674 0.860849 0.0911773 0.159557 0.862706
0 0.466602 0.13627 0.0234383 0.0377151 0.747211
0 0.409553 0.0965122 0.0232832 0.0392252 0.738168
0 0.966878 0.971551 0.0651642 0.0568979 0.519171
0 0.436525 0.0288244 0.0912404 0.057214 0.38205
0 0.765447 0.548624 0.140807 0.378688 0.37916
0 0.36028 0.0213381 0.0193927 0.0263327 0.333092
0 0.766904 0.536854 0.134924 0.388219 0.926363
0 0.172209 0.86307 0.0928015 0.172711 0.88418
0 0.409716 0.0964812 0.0238115 0.0397876 0.80626
0 0.467622 0.135411 0.0234622 0.037982 0.780976
0 0.966452 0.972677 0.0668411 0.0541931 0.644516
0 0.360382 0.0226839 0.0196183 0.0235193 0.59717
0 0.458226 0.0403797 0.0250916 0.0378129 0.270376
