0 0.443647 0.267048 0.0567299 0.064287 0.860645
0 0.39304 0.595627 0.0303074 0.056724 0.860541
0 0.444596 0.659558 0.0417387 0.0948801 0.851802
0 0.584817 0.458594 0.0320539 0.051152 0.747603
0 0.437407 0.404924 0.0257202 0.0505541 0.636704
0 0.592697 0.406751 0.0342222 0.0545286 0.582568
0 0.592121 0.418006 0.0340616 0.0762226 0.318859
0 0.393064 0.595191 0.0312568 0.0568275 0.872007
0 0.593774 0.405492 0.0325672 0.0517896 0.828406
0 0.585508 0.46204 0.0334816 0.0587885 0.828345
0 0.442766 0.670243 0.0464693 0.086248 0.824557
0 0.439468 0.40297 0.0257334 0.0466865 0.823826
0 0.445332 0.269267 0.0548943 0.0650441 0.717851
0 0.51637 0.302088 0.0192513 0.0263805 0.705914
