0 0.702023 0.948815 0.074394 0.102203 0.913086
0 0.659285 0.843777 0.0283484 0.047131 0.862333
0 0.567354 0.831057 0.026346 0.0467892 0.813735
0 0.520633 0.735876 0.0218731 0.0291901 0.659601
0 0.411919 0.746837 0.0257677 0.0593517 0.534284
0 0.573602 0.782314 0.0271914 0.0446404 0.498209
0 0.452619 0.910795 0.0414394 0.133801 0.457822
0 0.370611 0.743607 0.050507 0.073587 0.425507
0 0.491957 0.744351 0.0207698 0.0300609 0.339101
0 0.703356 0.946906 0.0733214 0.10576 0.878037
0 0.568215 0.834581 0.0293832 0.0499496 0.81691
0 0.6593 0.84336 0.0286432 0.0471928 0.803823
0 0.409679 0.74405 0.0317449 0.0616221 0.755887
0 0.570558 0.729474 0.0629631 0.0925247 0.750353
0 0.452882 0.910419 0.0492048 0.150015 0.654979
0 0.521046 0.736918 0.020877 0.0284075 0.625215
0 0.372125 0.745182 0.0449669 0.0761894 0.599907
0 0.49368 0.743473 0.0181503 0.0247742 0.560987
