0 0.894064 0.268335 0.210873 0.370497 0.959482
0 0.783067 0.313591 0.0762137 0.132699 0.891144
0 0.769484 0.64922 0.132374 0.231004 0.887499
0 0.759664 0.143531 0.039436 0.0618275 0.871352
0 0.697881 0.138156 0.0343092 0.0618433 0.838242
0 0.678988 0.0960582 0.0310722 0.0473979 0.820891
0 0.772647 0.649811 0.130039 0.226584 0.919898
0 0.782717 0.312863 0.079384 0.130086 0.892422
0 0.899922 0.273334 0.200156 0.355249 0.862804
0 0.760163 0.144378 0.0387101 0.0586171 0.862401
0 0.696688 0.136941 0.0356676 0.057813 0.847962
0 0.679392 0.0961315 0.03139 0.0437567 0.829593
0 0.934469 0.274376 0.131062 0.345864 0.813508
0 0.455083 0.0328112 0.0153505 0.0238312 0.571633
0 0.482035 0.0318298 0.0170477 0.0278751 0.480245
0 0.643249 0.00834203 0.0159313 0.0166841 0.406464
0 0.620395 0.0100407 0.0120195 0.0172743 0.296164
