0 0.130654 0.470575 0.10164 0.152155 0.906729
0 0.72315 0.495726 0.109208 0.147088 0.898737
0 0.136683 0.265879 0.078307 0.116102 0.893679
0 0.245155 0.147635 0.0381757 0.0557828 0.860944
0 0.309276 0.134529 0.03625 0.0590686 0.838393
0 0.962439 0.249232 0.0751225 0.0792501 0.830246
0 0.611294 0.11507 0.0315068 0.0475173 0.773787
0 0.548907 0.0576552 0.0272156 0.0456551 0.735977
0 0.58988 0.068744 0.0236986 0.0307732 0.256717
0 0.135742 0.26455 0.0817003 0.114395 0.899304
0 0.13067 0.4665 0.101815 0.152242 0.892402
0 0.723981 0.491729 0.108462 0.149548 0.88462
0 0.96464 0.252525 0.07072 0.0820378 0.873917
0 0.54886 0.055854 0.0259683 0.043333 0.855547
0 0.244755 0.148158 0.0369294 0.0524894 0.849323
0 0.309205 0.136579 0.0357417 0.0530644 0.839818
0 0.611007 0.114814 0.0334149 0.0478684 0.834195
0 0.589713 0.0680471 0.0230756 0.0309867 0.756164
