0 0.768471 0.580389 0.139148 0.165623 0.902963
0 0.767779 0.208709 0.0615789 0.0823496 0.891907
0 0.594556 0.279279 0.0597061 0.0832858 0.884985
0 0.795486 0.391359 0.113961 0.136306 0.877638
0 0.768833 0.578643 0.138621 0.169981 0.914199
0 0.795375 0.395506 0.114079 0.140576 0.902288
0 0.59491 0.279775 0.0576267 0.0798802 0.899115
0 0.770295 0.209347 0.0601254 0.0730707 0.891905
0 0.615999 0.0599809 0.0262432 0.032224 0.87818
0 0.314433 0.0351514 0.0158484 0.0232597 0.68954
0 0.372201 0.0188023 0.0143085 0.020545 0.587531
0 0.4836 0.0683043 0.0144653 0.0278818 0.319583
