0 0.720639 0.197403 0.0415676 0.0668093 0.877575
0 0.755889 0.139466 0.0442444 0.0687393 0.872531
0 0.277482 0.21462 0.0589382 0.0773984 0.863995
0 0.410816 0.093292 0.0377828 0.0598934 0.860227
0 0.352637 0.112613 0.0358314 0.0439616 0.842496
0 0.707327 0.0903664 0.0249174 0.0373473 0.837586
0 0.660549 0.077206 0.0265947 0.0409659 0.826264
0 0.493287 0.038694 0.01887 0.0268833 0.435786
0 0.756391 0.139149 0.0452127 0.0666542 0.888416
0 0.277193 0.212472 0.0552029 0.0733182 0.877721
0 0.352336 0.111674 0.0332161 0.0392536 0.86956
0 0.410609 0.0935898 0.0353608 0.0555959 0.867916
0 0.660058 0.0790023 0.0255909 0.0386085 0.858657
0 0.721058 0.196187 0.042291 0.0627366 0.855916
0 0.707216 0.0903051 0.0271021 0.0374187 0.846475
0 0.493829 0.0377604 0.0184471 0.0289509 0.803134
