0 0.234666 0.138503 0.0655492 0.12469 0.893485
0 0.29934 0.0833025 0.0284453 0.0439572 0.855159
0 0.595909 0.135607 0.0342316 0.0476892 0.839829
0 0.569243 0.0821587 0.0263382 0.0372205 0.785569
0 0.97587 0.476823 0.04826 0.127336 0.705456
0 0.372675 0.0157084 0.0182881 0.0311564 0.70541
0 0.394225 0.0308774 0.0177642 0.0281426 0.686595
0 0.235476 0.135285 0.0673213 0.126548 0.872543
0 0.569922 0.0817352 0.0267012 0.0358663 0.862431
0 0.595939 0.13649 0.0347916 0.0472576 0.832778
0 0.299541 0.0837837 0.0270216 0.0424692 0.822776
0 0.394152 0.0302185 0.0176228 0.0276266 0.803592
0 0.977435 0.47448 0.0447556 0.113259 0.779556
0 0.372886 0.0152128 0.0186319 0.0294047 0.76948
