0 0.358103 0.15945 0.039043 0.0732238 0.887365
0 0.339474 0.0691024 0.0350433 0.0742017 0.858831
0 0.593989 0.151117 0.0397803 0.0561559 0.837622
0 0.512568 0.0852422 0.0256065 0.0383128 0.816181
0 0.0232001 0.441721 0.045828 0.167831 0.783729
0 0.557031 0.0670716 0.0241179 0.0364386 0.773983
0 0.282248 0.0680444 0.0183245 0.0326536 0.625678
0 0.516052 0.0341343 0.016919 0.0255084 0.42995
0 0.357522 0.158474 0.0379374 0.0657304 0.866099
0 0.593336 0.150259 0.0426855 0.0563189 0.862576
0 0.557973 0.0648219 0.0232762 0.035289 0.853591
0 0.337854 0.0670205 0.035902 0.0721483 0.843267
0 0.0249137 0.453481 0.0498273 0.182549 0.808676
0 0.512653 0.0851763 0.0233046 0.0346509 0.803184
0 0.97341 0.357546 0.0484665 0.0954365 0.720828
0 0.281783 0.0666152 0.0204136 0.0323349 0.622224
0 0.516696 0.0346943 0.0168257 0.0235126 0.25487
