0 0.708005 0.28626 0.0749596 0.101237 0.909581
0 0.190454 0.213506 0.0623477 0.0940016 0.908896
0 0.37707 0.0882648 0.0265001 0.0462067 0.859345
0 0.54538 0.149163 0.0376902 0.0495508 0.859244
0 0.355661 0.0439181 0.0296408 0.0574439 0.819469
0 0.608702 0.112802 0.0315254 0.0472343 0.771945
0 0.53513 0.0574045 0.0199831 0.0276041 0.608424
0 0.708811 0.28581 0.0754852 0.0988752 0.88335
0 0.190335 0.216374 0.0598617 0.088301 0.881655
0 0.355577 0.042641 0.0290926 0.0542481 0.834244
0 0.608063 0.110864 0.0330194 0.0496579 0.831903
0 0.376541 0.0880093 0.025127 0.0467508 0.819366
0 0.545483 0.149425 0.0371474 0.0510554 0.815766
0 0.535028 0.0559318 0.0202942 0.0282568 0.810224
