0 0.310668 0.07098 0.0227286 0.0351874 0.74432
0 0.530864 0.0448153 0.0248098 0.0364425 0.667998
0 0.372616 0.0201623 0.0168222 0.0263603 0.636753
0 0.293013 0.0502216 0.021384 0.0310863 0.613611
0 0.398597 0.0147932 0.0153667 0.0258993 0.569137
0 0.320593 0.0277384 0.0158109 0.0258213 0.452701
0 0.617448 0.146261 0.0650812 0.0918266 0.418091
0 0.531731 0.0442364 0.0241691 0.0342179 0.867355
0 0.310881 0.070687 0.022938 0.0318313 0.716717
0 0.373113 0.0197549 0.0170415 0.0236806 0.63346
0 0.32034 0.0280053 0.01503 0.0227862 0.559517
0 0.398206 0.0145853 0.0149467 0.0236289 0.549039
0 0.29285 0.0509296 0.020658 0.0272533 0.41562
0 0.501771 0.012485 0.0148306 0.0242756 0.367448
0 0.617595 0.136 0.0647696 0.117206 0.347724
0 0.705051 0.243925 0.0638454 0.135116 0.252297
0 0.693284 0.244689 0.0908429 0.13505 0.250448
