0 0.570889 0.215774 0.0477455 0.0629925 0.89554
0 0.729477 0.325862 0.0740772 0.0921081 0.880167
0 0.614041 0.175591 0.0502884 0.0704628 0.857332
0 0.472162 0.0403773 0.0160458 0.0272759 0.842069
0 0.648536 0.115384 0.0356792 0.0503398 0.826696
0 0.521274 0.138164 0.0352163 0.0486282 0.812303
0 0.365455 0.0332471 0.0166375 0.0251459 0.538187
0 0.293918 0.0561387 0.0185396 0.029684 0.411973
0 0.729701 0.326834 0.0731335 0.0869574 0.894509
0 0.569766 0.215334 0.0464733 0.0595715 0.889611
0 0.615868 0.176138 0.0487618 0.0655937 0.873644
0 0.293661 0.0563727 0.0203341 0.0305037 0.843176
0 0.648839 0.112943 0.0344568 0.0556187 0.83518
0 0.520137 0.139654 0.0317135 0.045002 0.835046
0 0.576297 0.0364325 0.0205473 0.0281101 0.801496
0 0.473052 0.0400988 0.0167028 0.0253487 0.781314
0 0.365467 0.0334526 0.0167531 0.0229462 0.633331
