0 0.747258 0.235763 0.08293 0.101563 0.884973
0 0.306752 0.142087 0.0359647 0.0588286 0.859872
0 0.0880314 0.255571 0.065737 0.0828008 0.857732
0 0.571641 0.0820592 0.0330731 0.0496323 0.830576
0 0.527965 0.0267464 0.0166573 0.0272826 0.613038
0 0.471671 0.0418419 0.0182283 0.0243064 0.605876
0 0.51525 0.0551823 0.0226725 0.0286376 0.272841
0 0.748731 0.238522 0.0820815 0.0967347 0.8895
0 0.0879497 0.255179 0.0641036 0.083557 0.882137
0 0.571032 0.0805278 0.0313736 0.0490859 0.860443
0 0.30667 0.14348 0.034862 0.0468277 0.849342
0 0.514183 0.0571887 0.0209986 0.0272493 0.755731
0 0.528092 0.0265931 0.016648 0.0246361 0.740429
0 0.472592 0.043673 0.0180311 0.0212764 0.553731
0 0.349223 0.0100068 0.0315222 0.0200135 0.494457
0 0.500852 0.0358348 0.0146173 0.0238033 0.268215
