0 0.231861 0.269683 0.0615176 0.1092 0.906448
0 0.756861 0.342595 0.0953864 0.119913 0.893735
0 0.150492 0.251662 0.0635207 0.0973176 0.88323
0 0.281079 0.1646 0.044682 0.0734432 0.877213
0 0.372935 0.0234539 0.0156481 0.0260167 0.454058
0 0.347035 0.0186616 0.01612 0.0274213 0.27838
0 0.15145 0.251121 0.0650413 0.0924825 0.908252
0 0.231738 0.266966 0.0602003 0.103829 0.899138
0 0.755885 0.343882 0.093996 0.115224 0.894173
0 0.280874 0.164492 0.0430123 0.067375 0.879879
0 0.371909 0.0246256 0.0155396 0.0204485 0.588713
0 0.348837 0.0171766 0.0198433 0.0303222 0.272687
0 0.52393 0.0172642 0.0155773 0.0218718 0.250108
