0 0.143086 0.32539 0.12577 0.152874 0.885891
0 0.451127 0.0966303 0.0348269 0.0480234 0.829904
0 0.682446 0.056262 0.0246759 0.0420391 0.799669
0 0.636499 0.0269467 0.0186792 0.0287922 0.742056
0 0.650641 0.0706619 0.0212735 0.0342316 0.673071
0 0.144704 0.325361 0.125715 0.141399 0.892502
0 0.45117 0.0959134 0.0322784 0.0443266 0.845138
0 0.682856 0.0565796 0.0234097 0.0380499 0.826572
0 0.651524 0.0710904 0.0205343 0.0309426 0.767474
0 0.636597 0.0274501 0.0156761 0.0239934 0.628467
0 0.662739 0.0357776 0.0161741 0.0223305 0.526715
