0 0.244078 0.14025 0.0449192 0.0689668 0.889004
0 0.722241 0.214344 0.0551075 0.0723361 0.86256
0 0.58899 0.0937984 0.036142 0.0586117 0.85616
0 0.278992 0.197634 0.0410786 0.066976 0.853932
0 0.293204 0.090737 0.0260295 0.0383512 0.851464
0 0.339517 0.0782213 0.0276058 0.0422138 0.838598
0 0.647969 0.111431 0.0342449 0.0416818 0.790795
0 0.506051 0.0380735 0.018184 0.0270705 0.717691
0 0.723095 0.21271 0.0561335 0.07359 0.899726
0 0.243441 0.13966 0.0437843 0.0669108 0.892607
0 0.589736 0.092909 0.0373413 0.0544988 0.871464
0 0.278309 0.197087 0.0409587 0.061441 0.870803
0 0.293908 0.0910498 0.0272629 0.0366361 0.856351
0 0.647948 0.111554 0.0325603 0.042058 0.836383
0 0.339617 0.079034 0.0247715 0.0387777 0.821274
0 0.505294 0.0383585 0.0172669 0.0285455 0.717037
