0 0.717795 0.0794958 0.0593919 0.123902 0.908208
0 0.747689 0.228659 0.0499893 0.0688426 0.875203
0 0.670092 0.136961 0.0340602 0.0552306 0.835472
0 0.629732 0.114586 0.0283704 0.042819 0.82791
0 0.665608 0.0906025 0.0287496 0.0473124 0.795029
0 0.456671 0.0527102 0.024833 0.0393568 0.777535
0 0.42585 0.0844077 0.0290588 0.0488822 0.774821
0 0.647593 0.0436586 0.0234075 0.0445547 0.768598
0 0.378745 0.0920907 0.0298772 0.0382249 0.737679
0 0.490045 0.0562816 0.0208902 0.0320729 0.659696
0 0.748191 0.229439 0.0487593 0.0670038 0.885418
0 0.718968 0.0744817 0.0586631 0.114368 0.863617
0 0.670363 0.136451 0.0331387 0.050604 0.850237
0 0.378731 0.0912845 0.0283845 0.0367022 0.847693
0 0.665264 0.09021 0.0268599 0.0453333 0.847247
0 0.646564 0.0445765 0.0217109 0.0417365 0.844923
0 0.628749 0.114727 0.027547 0.0404874 0.833598
0 0.42579 0.0838739 0.0284899 0.0444464 0.79432
0 0.489314 0.0547147 0.0180498 0.0287388 0.644975
0 0.456111 0.0521262 0.0245947 0.0350489 0.639973
0 0.481138 0.0117321 0.0154971 0.0212853 0.273985
