0 0.756183 0.190921 0.0548409 0.0651275 0.88299
0 0.290011 0.0874113 0.0321608 0.0522169 0.864129
0 0.66071 0.158118 0.0557039 0.0782611 0.85471
0 0.324003 0.114617 0.0274284 0.0439092 0.830404
0 0.319507 0.0596532 0.0198769 0.0307556 0.828592
0 0.521779 0.060841 0.0225878 0.0339846 0.821283
0 0.354485 0.0487849 0.0215614 0.0341026 0.78425
0 0.661729 0.158624 0.0563162 0.0743855 0.89608
0 0.757246 0.193517 0.0549448 0.0603929 0.878272
0 0.289522 0.087651 0.0335 0.051497 0.845226
0 0.521564 0.0610972 0.0223795 0.0339177 0.830015
0 0.324132 0.11474 0.02845 0.0403925 0.828533
0 0.355362 0.0481249 0.0223414 0.034037 0.759752
0 0.319621 0.0591917 0.0212082 0.0309264 0.540835
