0 0.767721 0.255173 0.0848576 0.105615 0.886122
0 0.69647 0.285166 0.0671547 0.0851756 0.859694
0 0.593025 0.0700482 0.0266665 0.036134 0.787181
0 0.368651 0.0427484 0.0183408 0.0250942 0.404174
0 0.395426 0.0237728 0.0157852 0.0278575 0.351683
0 0.768751 0.253108 0.0824425 0.101052 0.899748
0 0.696689 0.284865 0.0669172 0.083988 0.889405
0 0.593442 0.0706416 0.0267578 0.0355827 0.834557
0 0.395012 0.0232998 0.014994 0.025778 0.637204
0 0.345335 0.020496 0.0285894 0.040992 0.564725
0 0.369294 0.041953 0.019574 0.0248276 0.377027
