0 0.279787 0.0795008 0.058454 0.12482 0.87454
0 0.252477 0.229396 0.0492137 0.0710739 0.866096
0 0.329742 0.136465 0.0343335 0.0544904 0.849424
0 0.370619 0.114021 0.0272863 0.0414504 0.803913
0 0.543197 0.0524586 0.0230658 0.0388885 0.77196
0 0.353115 0.0450051 0.02242 0.0429182 0.742665
0 0.621172 0.0918387 0.0280384 0.0369297 0.734077
0 0.33532 0.0911501 0.0270008 0.0490538 0.639939
0 0.574491 0.0835262 0.0293533 0.0498544 0.605346
0 0.510416 0.0549512 0.0194643 0.0320476 0.557535
0 0.251826 0.229532 0.0480982 0.0672707 0.882154
0 0.621679 0.0912629 0.0271219 0.0365339 0.872852
0 0.32988 0.136366 0.0350211 0.0519235 0.869215
0 0.574627 0.0831336 0.027338 0.045942 0.860903
0 0.282195 0.0761841 0.0576736 0.120367 0.840176
0 0.334807 0.0898666 0.0268318 0.0442223 0.826808
0 0.370816 0.114978 0.0264699 0.0393079 0.8223
0 0.544316 0.0509109 0.0239276 0.0358665 0.805059
0 0.353804 0.044593 0.0215012 0.0420242 0.798691
0 0.511199 0.0539589 0.0172474 0.0285105 0.557078
