0 0.856476 0.269605 0.0657616 0.0903363 0.911352
0 0.75973 0.263432 0.0589846 0.096178 0.903832
0 0.437685 0.203722 0.0466693 0.0634855 0.848845
0 0.22588 0.146742 0.0529861 0.0548281 0.84556
0 0.475673 0.0374628 0.0252321 0.0404514 0.797453
0 0.440063 0.0624486 0.0254757 0.0514483 0.494676
0 0.759999 0.26334 0.0585052 0.0897229 0.908781
0 0.856295 0.26981 0.0642345 0.0852103 0.887526
0 0.223615 0.146121 0.0480022 0.052139 0.869721
0 0.43752 0.202714 0.0429877 0.0585044 0.867241
0 0.47558 0.0355366 0.0220016 0.032874 0.858819
0 0.43967 0.0706641 0.0235921 0.0319757 0.774294
0 0.44325 0.040309 0.0186981 0.0219727 0.264009
