0 0.795561 0.321273 0.146115 0.144451 0.866592
0 0.0318407 0.762181 0.0633789 0.270679 0.841371
0 0.562973 0.0743616 0.0303988 0.0482089 0.566613
0 0.332302 0.0426254 0.017274 0.0270997 0.556362
0 0.314011 0.0330324 0.018233 0.0285461 0.349209
0 0.378968 0.00915867 0.013669 0.0183173 0.313319
0 0.563072 0.0745337 0.0310766 0.0437492 0.866687
0 0.0343547 0.769004 0.0683476 0.274004 0.803294
0 0.514838 0.0281546 0.0194492 0.0295014 0.755624
0 0.799161 0.317638 0.148748 0.145312 0.645455
0 0.378922 0.00804264 0.0160104 0.0160853 0.308001
