0 0.634173 0.137727 0.049611 0.0679381 0.867466
0 0.540632 0.0936142 0.0247705 0.0334102 0.854572
0 0.517349 0.0606668 0.0239374 0.0412392 0.839336
0 0.204791 0.141748 0.0388102 0.0513963 0.822241
0 0.336045 0.0878769 0.0250755 0.040487 0.803743
0 0.473605 0.0485254 0.0183631 0.0255633 0.617002
0 0.551496 0.0454861 0.0204837 0.0295855 0.518568
0 0.204011 0.141492 0.0387164 0.049357 0.88729
0 0.634426 0.137641 0.0507158 0.0673649 0.881049
0 0.335871 0.0879506 0.0250843 0.0354164 0.848106
0 0.540227 0.0937243 0.0260244 0.0329012 0.843578
0 0.518269 0.0620187 0.0226791 0.0344725 0.835551
0 0.550998 0.0449243 0.0204129 0.0282403 0.804106
0 0.473287 0.0477424 0.0163827 0.0230586 0.465257
0 0.481754 0.070994 0.0131191 0.0233264 0.324176
