0 0.304253 0.285777 0.0679663 0.0885904 0.889153
0 0.231722 0.254191 0.0880847 0.106166 0.870946
0 0.406421 0.0692946 0.0277656 0.0396901 0.801108
0 0.605996 0.0242817 0.0161968 0.0272092 0.466332
0 0.655851 0.0217447 0.0273512 0.0423892 0.444028
0 0.630823 0.0421058 0.0163277 0.0255155 0.280091
0 0.231882 0.254872 0.0816101 0.101093 0.899948
0 0.303096 0.28606 0.0649261 0.0863009 0.897108
0 0.407365 0.0698746 0.0269372 0.0364884 0.864012
0 0.630937 0.0426918 0.0169065 0.0219084 0.739683
0 0.605463 0.0234277 0.0150076 0.0236765 0.644352
0 0.656708 0.0199069 0.0269272 0.0397254 0.62948
