0 0.240275 0.263752 0.0619301 0.100653 0.923801
0 0.142464 0.269915 0.0674318 0.0916833 0.89506
0 0.561955 0.203566 0.0433537 0.0622656 0.870375
0 0.523999 0.0372989 0.0227297 0.0391179 0.789666
0 0.77457 0.146316 0.0504143 0.0504548 0.749188
0 0.560527 0.0680503 0.0234243 0.0408558 0.695835
0 0.142666 0.270483 0.0655923 0.0851517 0.895318
0 0.240107 0.263229 0.060756 0.091662 0.882476
0 0.776509 0.147211 0.0482826 0.0513569 0.877421
0 0.562316 0.201993 0.0454235 0.0592463 0.861213
0 0.523645 0.0349111 0.0223042 0.0350799 0.859909
0 0.560192 0.069588 0.022946 0.0327619 0.770441
0 0.556274 0.0398723 0.0190198 0.0233554 0.738441
