0 0.10541 0.268655 0.209911 0.361102 0.95506
0 0.228787 0.649883 0.124881 0.235678 0.898589
0 0.240013 0.142514 0.0397387 0.0655464 0.873829
0 0.216449 0.31531 0.0760674 0.134274 0.871538
0 0.302675 0.137866 0.0346004 0.0617711 0.857632
0 0.319705 0.09649 0.0332806 0.047452 0.816084
0 0.22719 0.649366 0.128434 0.226423 0.917349
0 0.217947 0.312443 0.078644 0.12786 0.896889
0 0.239947 0.144287 0.0414251 0.0618545 0.868928
0 0.303153 0.138451 0.0377431 0.0582627 0.864105
0 0.0744875 0.279794 0.148404 0.336526 0.836627
0 0.320782 0.0968398 0.0298374 0.0449864 0.816196
0 0.819058 0.244552 0.0337791 0.0703552 0.689339
0 0.358464 0.00866367 0.0181448 0.0173273 0.417792
0 0.102853 0.275503 0.205705 0.354905 0.366285
0 0.545651 0.0330424 0.0165234 0.0248749 0.279553
0 0.3808 0.0100206 0.0148296 0.0195482 0.253232
