0 0.764397 0.138262 0.0663183 0.124698 0.92549
0 0.403836 0.135808 0.0371551 0.0496327 0.838737
0 0.700554 0.0836647 0.0304374 0.0435414 0.827101
0 0.429806 0.0813695 0.02859 0.0384842 0.787954
0 0.606365 0.0313286 0.0168369 0.0281229 0.734473
0 0.625381 0.0150741 0.0179095 0.0297367 0.624952
0 0.0223668 0.484452 0.0441343 0.154836 0.480823
0 0.76549 0.136136 0.0675076 0.125353 0.892809
0 0.429991 0.0814037 0.0281673 0.0357751 0.861914
0 0.404176 0.136262 0.0351746 0.0450849 0.838617
0 0.700694 0.0838873 0.0281801 0.0408415 0.811102
0 0.606648 0.0300011 0.0172882 0.0266822 0.751986
0 0.0224579 0.493435 0.0447102 0.144957 0.593656
0 0.626891 0.0153951 0.0162684 0.0287779 0.583467
