0 0.486991 0.114174 0.0286091 0.04464 0.83032
0 0.49353 0.0207348 0.0185873 0.0321831 0.582021
0 0.982751 0.760083 0.0344984 0.244413 0.581257
0 0.322594 0.0958794 0.0380735 0.0403523 0.564098
0 0.977297 0.773357 0.0454067 0.281712 0.413989
0 0.320686 0.094919 0.033558 0.0406876 0.865562
0 0.486157 0.114604 0.0267786 0.0407798 0.86009
0 0.979207 0.747 0.0412819 0.200308 0.69955
0 0.46821 0.0362051 0.0173123 0.0367724 0.665523
0 0.492995 0.019361 0.0169777 0.0271297 0.632721
0 0.670338 0.0196887 0.014468 0.0203189 0.52694
0 0.466812 0.0286628 0.0157908 0.0316382 0.269296
