0 0.270364 0.327341 0.0764624 0.0896104 0.885788
0 0.429795 0.214949 0.0492781 0.0651877 0.870476
0 0.385716 0.175387 0.0504478 0.0716878 0.855238
0 0.351341 0.116282 0.0349959 0.0489651 0.834419
0 0.47958 0.13789 0.0352362 0.0498309 0.812223
0 0.527115 0.0411598 0.0180746 0.0263948 0.557647
0 0.634314 0.0326211 0.0150185 0.024286 0.342107
0 0.423251 0.037077 0.0210199 0.0298084 0.256266
0 0.384532 0.176219 0.0467427 0.0660438 0.882678
0 0.479052 0.138097 0.0309409 0.0464776 0.880306
0 0.429552 0.214427 0.0467143 0.0618609 0.87462
0 0.269064 0.326679 0.0715196 0.0865772 0.872359
0 0.350654 0.117173 0.0342622 0.0475566 0.85618
0 0.706347 0.0560008 0.0208318 0.0267046 0.82693
0 0.528025 0.040857 0.0159616 0.0232834 0.747887
0 0.423996 0.0362037 0.0190417 0.0254469 0.681796
0 0.633993 0.0330888 0.0158731 0.0213925 0.632673
