0 0.912145 0.254438 0.0653931 0.0806905 0.870601
0 0.428806 0.0819383 0.0336794 0.0513563 0.866614
0 0.250788 0.236989 0.0837862 0.105105 0.865853
0 0.692777 0.141394 0.0343098 0.0584645 0.853082
0 0.471692 0.0265973 0.0162065 0.0275535 0.617777
0 0.527396 0.0429084 0.0179808 0.0215503 0.547475
0 0.53728 0.0268587 0.0163923 0.0240037 0.395757
0 0.484828 0.0587678 0.0184345 0.0249004 0.346067
0 0.252062 0.237475 0.0804117 0.098664 0.899762
0 0.913823 0.254929 0.0654537 0.0801885 0.896219
0 0.428039 0.0812622 0.0340731 0.0492147 0.895265
0 0.693026 0.142883 0.0351851 0.0475939 0.841079
0 0.484805 0.0580166 0.0200728 0.0250804 0.774104
0 0.471647 0.0258032 0.015128 0.0248795 0.6529
0 0.528021 0.0438014 0.0164345 0.0193038 0.580797
0 0.499074 0.0370037 0.0137653 0.02421 0.361335
