0 0.660319 0.0692406 0.036416 0.0736654 0.883494
0 0.407353 0.15158 0.0415184 0.0605115 0.870899
0 0.642667 0.15854 0.0371931 0.0717455 0.839293
0 0.487775 0.0846078 0.0275269 0.0395387 0.82516
0 0.443083 0.0668603 0.0257354 0.0375116 0.765942
0 0.976568 0.452011 0.0468639 0.189219 0.748456
0 0.484426 0.0341753 0.0171625 0.0255685 0.602737
0 0.716735 0.0677437 0.0199032 0.0302975 0.568104
0 0.642616 0.156743 0.0386534 0.0679544 0.86456
0 0.661332 0.0666703 0.0345212 0.0719026 0.850605
0 0.406884 0.150608 0.0405179 0.0544152 0.850504
0 0.486781 0.084215 0.023391 0.0327942 0.831542
0 0.976651 0.448414 0.046699 0.173706 0.804024
0 0.442484 0.0646112 0.0223949 0.0351373 0.775999
0 0.484745 0.0342865 0.0165716 0.0230221 0.743764
0 0.718579 0.0668495 0.0206156 0.0304488 0.637968
