0 0.24293 0.275149 0.0625405 0.106509 0.911233
0 0.229359 0.132139 0.094715 0.17993 0.902667
0 0.0560194 0.588879 0.111314 0.207982 0.884168
0 0.345825 0.212849 0.0427474 0.0654035 0.881294
0 0.302912 0.153698 0.0398724 0.0692198 0.852791
0 0.286862 0.0912533 0.0277454 0.0421045 0.748654
0 0.338462 0.0721798 0.0298645 0.0585398 0.678233
0 0.0564461 0.592314 0.112125 0.201748 0.906505
0 0.228117 0.131848 0.0948641 0.182491 0.895198
0 0.346041 0.212346 0.0428146 0.0635856 0.88978
0 0.242608 0.272529 0.0617033 0.0996066 0.860885
0 0.302812 0.151671 0.040072 0.0670616 0.86027
0 0.541808 0.0526904 0.0219721 0.0379961 0.832474
0 0.575924 0.0568175 0.0198618 0.0309982 0.806742
0 0.2873 0.0910652 0.0257236 0.0428635 0.800592
0 0.337479 0.0834887 0.0265202 0.0350308 0.703845
0 0.522042 0.0318426 0.0178204 0.0296 0.699617
