0 0.855516 0.324688 0.125241 0.150674 0.904575
0 0.549974 0.0968034 0.033279 0.046358 0.852929
0 0.31725 0.0564837 0.0254038 0.0420051 0.796931
0 0.349281 0.0712494 0.0209356 0.0350268 0.768632
0 0.363148 0.0265795 0.0165596 0.0274864 0.654286
0 0.336679 0.0379388 0.0192302 0.0265357 0.401561
0 0.856137 0.32379 0.123724 0.13936 0.898993
0 0.548188 0.0965578 0.0319283 0.0478532 0.865807
0 0.317142 0.056163 0.0241726 0.0388625 0.822892
0 0.348784 0.0709135 0.0214976 0.0310278 0.77236
0 0.362884 0.0260659 0.0156014 0.0248997 0.561109
0 0.336731 0.0368164 0.0176904 0.0252199 0.448745
