0 0.950239 0.335759 0.0989756 0.109417 0.907701
0 0.775288 0.262469 0.0810997 0.102988 0.863304
0 0.63691 0.139703 0.045702 0.0636017 0.856946
0 0.587229 0.150099 0.037063 0.0502303 0.795417
0 0.347365 0.071096 0.0202585 0.0321177 0.739428
0 0.561234 0.0445544 0.0222069 0.0311293 0.67529
0 0.38779 0.0436428 0.0211676 0.034181 0.573082
0 0.333748 0.0313911 0.0374271 0.0613607 0.503256
0 0.637591 0.139223 0.0437508 0.0600474 0.87846
0 0.950425 0.336665 0.0980625 0.0984888 0.870811
0 0.775299 0.263104 0.0821626 0.103307 0.868681
0 0.56072 0.0426666 0.0210958 0.0323699 0.850774
0 0.586893 0.150263 0.0362153 0.0480711 0.821056
0 0.347533 0.0704502 0.0213562 0.0299936 0.816922
0 0.331946 0.0310448 0.0319576 0.0618975 0.780822
0 0.388213 0.0427345 0.0209674 0.0306954 0.737739
0 0.478943 0.00956913 0.0143143 0.0191383 0.332407
