0 0.410092 0.961369 0.163204 0.0772612 0.817806
0 0.561763 0.105397 0.0371482 0.0673762 0.675616
0 0.727786 0.0244074 0.0219501 0.0309407 0.376131
0 0.62807 0.227465 0.0938301 0.267548 0.282008
0 0.400012 0.963356 0.167122 0.0732883 0.847035
0 0.628696 0.227328 0.0985439 0.268213 0.829082
0 0.801935 0.629093 0.146788 0.202283 0.819667
0 0.744615 0.0739659 0.0271078 0.0417588 0.397296
0 0.368318 0.964005 0.238418 0.0719896 0.36853
0 0.800597 0.430549 0.146776 0.417741 0.356291
0 0.561859 0.105323 0.0334927 0.0623802 0.317881
