0 0.428998 0.308176 0.0987266 0.0965549 0.920852
0 0.651032 0.369171 0.132142 0.154484 0.91689
0 0.675274 0.512027 0.157241 0.173094 0.912309
0 0.407603 0.53946 0.164202 0.181868 0.896994
0 0.415381 0.414169 0.125793 0.143652 0.896511
0 0.780486 0.750422 0.26941 0.317024 0.895976
0 0.21141 0.409202 0.154201 0.172204 0.894763
0 0.36306 0.776354 0.26406 0.367019 0.877822
0 0.300099 0.304411 0.0915995 0.0893396 0.874318
0 0.10922 0.630504 0.216985 0.332392 0.854008
0 0.332289 0.234334 0.0786395 0.0708366 0.82594
0 0.0433406 0.949128 0.086679 0.101744 0.774088
0 0.466839 0.258969 0.0686132 0.0699433 0.770355
0 0.896093 0.964127 0.207813 0.0717461 0.675031
0 0.603261 0.250618 0.132469 0.173383 0.450688
0 0.674649 0.513124 0.16276 0.172677 0.920042
0 0.407157 0.53895 0.158717 0.181761 0.9134
0 0.209929 0.414309 0.159429 0.1668 0.910637
0 0.781477 0.749862 0.260873 0.307938 0.901041
0 0.301448 0.304966 0.0885427 0.0879839 0.883085
0 0.108648 0.632826 0.217296 0.312786 0.877542
0 0.415047 0.413308 0.123362 0.148364 0.876363
0 0.360178 0.783528 0.251145 0.349473 0.864328
0 0.430036 0.30394 0.0965956 0.0884257 0.86277
0 0.651891 0.361184 0.130792 0.14047 0.852434
0 0.0417799 0.94996 0.0828764 0.100081 0.49317
0 0.331653 0.235088 0.0774448 0.0677213 0.380895
