0 0.568976 0.745188 0.0558485 0.088213 0.877781
0 0.469655 0.718324 0.0383768 0.0633904 0.874923
0 0.509134 0.681331 0.0495808 0.0853428 0.848923
0 0.824672 0.859313 0.350656 0.281375 0.830424
0 0.457851 0.673545 0.0213914 0.0295755 0.822024
0 0.404944 0.720076 0.0338714 0.0497667 0.811255
0 0.569411 0.748581 0.0602121 0.0881315 0.917651
0 0.471262 0.717082 0.0388062 0.0614603 0.876145
0 0.404917 0.719857 0.0349219 0.0425977 0.861987
0 0.509966 0.682267 0.0434698 0.0847218 0.840171
0 0.458096 0.674468 0.0215674 0.0285667 0.804351
