0 0.186573 0.859999 0.369412 0.280002 0.928617
0 0.431781 0.745342 0.0543383 0.0858383 0.898036
0 0.490593 0.68223 0.04762 0.083236 0.881617
0 0.530348 0.719155 0.0367765 0.0632968 0.871489
0 0.595495 0.719718 0.0330058 0.0528106 0.805149
0 0.541884 0.674629 0.0216728 0.0301216 0.310564
0 0.43171 0.749558 0.0587026 0.0900433 0.926368
0 0.529581 0.717115 0.0403234 0.0614025 0.842042
0 0.490175 0.682773 0.0419705 0.0822857 0.828345
0 0.595196 0.719633 0.0325554 0.0429508 0.81942
0 0.5419 0.674867 0.020772 0.0289791 0.660987
0 0.282367 0.863646 0.107406 0.270775 0.491683
