0 0.665961 0.834678 0.264448 0.330643 0.885377
0 0.381071 0.712886 0.0362275 0.0545004 0.844419
0 0.443662 0.701095 0.036695 0.0576042 0.833316
0 0.531659 0.719718 0.0416668 0.0739315 0.820368
0 0.479364 0.664149 0.0419104 0.0778159 0.809423
0 0.43647 0.658959 0.0203572 0.0270811 0.626
0 0.672744 0.845499 0.267024 0.309002 0.860721
0 0.44495 0.699777 0.0389629 0.0556934 0.860114
0 0.478492 0.664447 0.0377044 0.0754507 0.857163
0 0.38125 0.71255 0.0361327 0.0479919 0.834316
0 0.709477 0.848365 0.188427 0.30327 0.622257
0 0.38147 0.668712 0.0327377 0.0606432 0.588597
0 0.529797 0.723112 0.0469225 0.0792477 0.494384
0 0.436433 0.661903 0.0207697 0.0309532 0.342109
