0 0.182793 0.618861 0.18597 0.202645 0.908469
0 0.389631 0.751061 0.361584 0.371941 0.848654
0 0.204774 0.501212 0.107084 0.108256 0.816088
0 0.51375 0.603889 0.263838 0.272483 0.809721
0 0.0233311 0.648223 0.0462292 0.23471 0.712724
0 0.0600536 0.517478 0.119332 0.173203 0.655085
0 0.016195 0.382035 0.0323901 0.0970142 0.395753
0 0.182001 0.616369 0.185417 0.195726 0.831425
0 0.023676 0.646745 0.0471576 0.232818 0.788177
0 0.43992 0.742114 0.264327 0.379435 0.699411
0 0.0608039 0.50896 0.118299 0.161725 0.66313
0 0.394089 0.738642 0.391227 0.345116 0.452853
0 0.509023 0.601421 0.268261 0.284736 0.341238
