0 0.816473 0.620587 0.18449 0.202857 0.909366
0 0.976282 0.64737 0.0474359 0.236427 0.775828
0 0.624525 0.744509 0.364751 0.362235 0.764925
0 0.939492 0.517762 0.11204 0.16852 0.489981
0 0.480432 0.600755 0.255344 0.270605 0.41514
0 0.81433 0.501778 0.150533 0.115421 0.385186
0 0.816677 0.617393 0.182436 0.197169 0.886915
0 0.619893 0.739596 0.37916 0.346373 0.823607
0 0.943182 0.507171 0.113636 0.160276 0.818316
0 0.977414 0.65129 0.0451715 0.227003 0.803873
0 0.411863 0.604393 0.108577 0.279705 0.462227
