0 0.272908 0.614967 0.187562 0.200612 0.916775
0 0.834813 0.68481 0.212384 0.229916 0.880996
0 0.229714 0.494024 0.150067 0.165439 0.87633
0 0.56412 0.708588 0.355743 0.334956 0.844237
0 0.112345 0.440671 0.0821195 0.12524 0.826955
0 0.0357719 0.431195 0.0710647 0.223769 0.75379
0 0.271563 0.611941 0.187888 0.196437 0.89854
0 0.115717 0.437921 0.0755914 0.134958 0.869007
0 0.834068 0.67054 0.216506 0.207437 0.868111
0 0.0372138 0.418996 0.0742347 0.219354 0.863777
0 0.578469 0.716682 0.335268 0.3398 0.862142
0 0.231691 0.486146 0.150083 0.183227 0.612336
0 0.638544 0.716572 0.202913 0.329488 0.525584
