0 0.303014 0.632195 0.246169 0.273162 0.917689
0 0.527638 0.612949 0.22604 0.194876 0.901828
0 0.153999 0.561722 0.138518 0.167125 0.886931
0 0.0287123 0.418801 0.055656 0.09886 0.713782
0 0.932392 0.882428 0.135216 0.235144 0.675737
0 0.17269 0.465026 0.131763 0.126132 0.613382
0 0.0992482 0.432795 0.076188 0.117838 0.478021
0 0.00998888 0.482321 0.0198897 0.11215 0.345545
0 0.00912054 0.462748 0.0182411 0.0741642 0.272325
0 0.524331 0.600341 0.237976 0.170098 0.910592
0 0.302413 0.624233 0.250542 0.274039 0.904237
0 0.151594 0.560449 0.130846 0.160463 0.898457
0 0.0283468 0.41638 0.0559616 0.100644 0.838351
0 0.929988 0.89559 0.140024 0.205639 0.779159
0 0.179956 0.456269 0.116613 0.113493 0.423304
0 0.099402 0.425916 0.0749713 0.120829 0.376349
