0 0.161603 0.573047 0.0720862 0.116085 0.929976
0 0.239392 0.762693 0.086538 0.123383 0.91151
0 0.528823 0.922549 0.09826 0.154902 0.904827
0 0.701247 0.741764 0.0803362 0.161943 0.90266
0 0.427632 0.657566 0.0667203 0.0982687 0.899489
0 0.867361 0.816924 0.0844585 0.133773 0.89728
0 0.563228 0.681203 0.0640141 0.101694 0.893326
0 0.0895852 0.661415 0.0746469 0.0983681 0.8915
0 0.262131 0.937252 0.112249 0.123686 0.889075
0 0.434108 0.51504 0.0379386 0.0506117 0.862094
0 0.479824 0.520622 0.040386 0.0547735 0.846672
0 0.24708 0.497297 0.044601 0.0597263 0.832323
0 0.70228 0.501776 0.0409943 0.102273 0.823838
0 0.77946 0.511225 0.0313381 0.0426247 0.728174
0 0.538335 0.509067 0.0346043 0.0575946 0.662174
0 0.668153 0.505763 0.0277732 0.0449272 0.323947
0 0.090611 0.662561 0.0775398 0.096549 0.918415
0 0.427262 0.657267 0.0677939 0.090595 0.913522
0 0.529153 0.921086 0.105934 0.157061 0.910169
0 0.23826 0.762565 0.0899034 0.120081 0.907593
0 0.160483 0.574877 0.0724668 0.111112 0.904116
0 0.703133 0.740921 0.0868856 0.162299 0.900958
0 0.867564 0.821636 0.0883289 0.14728 0.896529
0 0.264011 0.93619 0.119159 0.126834 0.894171
0 0.564314 0.680109 0.0631843 0.103104 0.889931
0 0.24665 0.494763 0.044582 0.0586626 0.885637
0 0.479561 0.518395 0.0386492 0.0562791 0.853024
0 0.701619 0.501239 0.0403099 0.104097 0.845999
0 0.431967 0.513143 0.0403744 0.0529095 0.825005
0 0.412638 0.569895 0.0349644 0.0666776 0.260131
