0 0.300117 0.764991 0.0778644 0.124261 0.919888
0 0.486036 0.934414 0.11005 0.131066 0.916644
0 0.859284 0.880605 0.110015 0.156271 0.901968
0 0.290708 0.571734 0.0505133 0.08965 0.893088
0 0.537463 0.612284 0.0567972 0.0828125 0.886862
0 0.162348 0.804315 0.0795965 0.135254 0.883572
0 0.382501 0.57563 0.0483351 0.0769094 0.87896
0 0.425341 0.63971 0.0615594 0.135121 0.855074
0 0.21175 0.560367 0.0448852 0.0678946 0.849364
0 0.551583 0.513824 0.0336763 0.0464804 0.840967
0 0.33578 0.531968 0.0394975 0.0587937 0.807941
0 0.755569 0.497177 0.039917 0.0564066 0.726011
0 0.275015 0.495878 0.0399328 0.06148 0.653754
0 0.723362 0.499874 0.06563 0.058672 0.6521
0 0.488366 0.554472 0.0452145 0.0545546 0.558224
0 0.992314 0.675729 0.0152853 0.10823 0.551715
0 0.517387 0.520507 0.0345647 0.0583168 0.32192
0 0.5374 0.612305 0.0581765 0.0811251 0.903217
0 0.48821 0.933618 0.109003 0.13173 0.90155
0 0.161695 0.806556 0.0830925 0.142233 0.897628
0 0.860418 0.879331 0.109094 0.144934 0.895149
0 0.291827 0.572351 0.0503673 0.0880224 0.882644
0 0.298008 0.764255 0.0770174 0.12817 0.878323
0 0.212062 0.559498 0.0472546 0.0670191 0.866234
0 0.42484 0.632273 0.0623684 0.162094 0.848819
0 0.382235 0.575017 0.0450032 0.0759147 0.798352
0 0.991795 0.665683 0.0162476 0.0878746 0.635411
0 0.689998 0.568048 0.02813 0.0650482 0.531256
0 0.755642 0.497639 0.0372354 0.0576829 0.349649
0 0.335809 0.532297 0.0300226 0.0553332 0.265995
0 0.275858 0.493483 0.0354887 0.0669806 0.255748
