0 0.700185 0.764949 0.0769733 0.125105 0.920391
0 0.511277 0.934793 0.110857 0.130376 0.918774
0 0.140076 0.878257 0.107325 0.148487 0.898336
0 0.707753 0.571721 0.0502766 0.0914512 0.892495
0 0.837554 0.805006 0.0802769 0.133605 0.885133
0 0.463089 0.611927 0.0580923 0.0808496 0.884444
0 0.617396 0.57378 0.0479697 0.0779888 0.870356
0 0.576159 0.639084 0.0588449 0.145319 0.858519
0 0.788533 0.560869 0.0432789 0.0650519 0.850293
0 0.511983 0.550719 0.0457172 0.0649688 0.831626
0 0.448822 0.513662 0.0325317 0.0466893 0.820278
0 0.664305 0.531355 0.0393265 0.0586998 0.79668
0 0.48211 0.519015 0.0388461 0.0556887 0.772242
0 0.244041 0.496843 0.0378658 0.054331 0.670191
0 0.281413 0.500677 0.053088 0.0543177 0.378751
0 0.0072508 0.663849 0.0145016 0.0977823 0.350258
0 0.838569 0.807068 0.0827108 0.142245 0.900823
0 0.140191 0.878293 0.111313 0.146945 0.898214
0 0.512902 0.93394 0.10838 0.131079 0.891142
0 0.462627 0.610897 0.0570421 0.0809666 0.888991
0 0.70836 0.571874 0.0506789 0.0882117 0.879513
0 0.789712 0.559586 0.0445016 0.0675726 0.877434
0 0.574804 0.640709 0.0613882 0.141485 0.873995
0 0.701281 0.765453 0.0797117 0.128804 0.866949
0 0.618923 0.577026 0.050728 0.07819 0.795956
0 0.310566 0.568266 0.030687 0.0647269 0.742703
0 0.722938 0.492657 0.0328066 0.0678364 0.687503
0 0.665173 0.532563 0.0347097 0.0573128 0.649875
0 0.24422 0.495098 0.0356966 0.0553693 0.505427
0 0.512371 0.550511 0.0431662 0.0648335 0.456378
0 0.448601 0.513828 0.0322481 0.0494289 0.273387
