0 0.704967 0.886468 0.102234 0.140368 0.912045
0 0.502057 0.57075 0.0444525 0.064551 0.901926
0 0.72277 0.661656 0.062596 0.0930725 0.893835
0 0.858643 0.610859 0.0647553 0.0896718 0.890366
0 0.309464 0.63148 0.069135 0.177517 0.88787
0 0.766449 0.549984 0.0499165 0.0633835 0.885535
0 0.572366 0.552581 0.0457737 0.062733 0.864155
0 0.881011 0.564217 0.0587208 0.0787832 0.857081
0 0.75467 0.49463 0.0412279 0.0542238 0.856484
0 0.386296 0.573315 0.046401 0.0895594 0.854427
0 0.292567 0.51222 0.0360497 0.0671536 0.844404
0 0.222219 0.51106 0.039271 0.0576409 0.810457
