0 0.293256 0.665094 0.0772463 0.112972 0.918257
0 0.657115 0.608754 0.0540161 0.0902906 0.903793
0 0.0732001 0.646821 0.0760996 0.0962509 0.902555
0 0.799936 0.622087 0.0557983 0.0836994 0.895831
0 0.401254 0.706983 0.0959778 0.161876 0.888864
0 0.65632 0.512276 0.037076 0.0575415 0.870732
0 0.517421 0.529874 0.0465199 0.0793341 0.868933
0 0.447299 0.541817 0.0457226 0.0631831 0.867712
0 0.5592 0.47128 0.0485708 0.113158 0.867697
0 0.251058 0.488362 0.0410756 0.0556806 0.862242
0 0.283687 0.507612 0.0410419 0.0493401 0.859067
0 0.719117 0.507287 0.0323729 0.0538842 0.852281
0 0.165822 0.551201 0.0565966 0.0723634 0.826705
0 0.916689 0.964461 0.111998 0.0710775 0.824535
0 0.790461 0.570978 0.0461597 0.0710928 0.782129
0 0.197206 0.533037 0.0397198 0.0597631 0.777205
0 0.869832 0.518041 0.0350353 0.050824 0.756198
0 0.968983 0.467796 0.0359013 0.0450312 0.564804
0 0.0734748 0.64463 0.0804446 0.0894739 0.915083
0 0.799546 0.620116 0.0579855 0.0877694 0.883663
0 0.290792 0.663393 0.0711972 0.114919 0.882455
0 0.402121 0.702937 0.0875304 0.157626 0.880299
0 0.656991 0.609553 0.0544381 0.0900217 0.867263
0 0.444547 0.5394 0.0492843 0.0660547 0.862606
0 0.656048 0.513293 0.0371985 0.0562517 0.851015
0 0.869973 0.51828 0.0348091 0.049918 0.825981
0 0.720419 0.506989 0.033781 0.0534828 0.806988
0 0.922894 0.961192 0.130433 0.0776158 0.804395
0 0.969662 0.466277 0.0378931 0.0442389 0.752243
0 0.284929 0.508381 0.0407249 0.0505031 0.715373
0 0.788633 0.566513 0.0414417 0.0778679 0.580876
