0 0.707104 0.933115 0.102313 0.133569 0.920493
0 0.469811 0.596884 0.0516327 0.0782682 0.909719
0 0.501382 0.895975 0.10869 0.206985 0.902145
0 0.599983 0.58508 0.0536096 0.105812 0.898556
0 0.677526 0.784116 0.0757898 0.137114 0.894314
0 0.0597843 0.598981 0.0733097 0.090514 0.894293
0 0.0575129 0.959235 0.114649 0.0815302 0.86129
0 0.704004 0.562324 0.0387783 0.0677961 0.841085
0 0.230993 0.49156 0.0948921 0.102307 0.838094
0 0.954572 0.512411 0.0369692 0.0589449 0.823325
0 0.776431 0.508146 0.0321224 0.0448635 0.795492
0 0.234638 0.968543 0.135433 0.0629151 0.771195
0 0.482394 0.504116 0.0366997 0.0505508 0.768782
0 0.912998 0.468945 0.0308247 0.0404419 0.742846
0 0.536933 0.524788 0.0419556 0.0796056 0.642298
0 0.192356 0.574111 0.0556441 0.07813 0.634102
0 0.227529 0.548109 0.0502193 0.0637011 0.433914
0 0.600072 0.588333 0.0555782 0.101925 0.90213
0 0.0583271 0.599727 0.070659 0.0902435 0.899354
0 0.503981 0.891973 0.104695 0.203396 0.892891
0 0.470152 0.596773 0.0509326 0.0765747 0.892599
0 0.710604 0.934515 0.10856 0.130065 0.890831
0 0.0586572 0.961223 0.116637 0.0775537 0.886321
0 0.67805 0.78327 0.0817415 0.136878 0.878059
0 0.193313 0.573434 0.0554553 0.0764992 0.850681
0 0.955063 0.511326 0.0379974 0.0586576 0.840956
0 0.913706 0.469854 0.0319149 0.043631 0.833616
0 0.704533 0.561529 0.0415797 0.0692996 0.831837
0 0.238741 0.968756 0.122482 0.0620811 0.809527
0 0.483186 0.504687 0.0366351 0.0474918 0.787124
0 0.419092 0.562621 0.0423862 0.0659371 0.744021
0 0.929613 0.440187 0.0249506 0.0456432 0.379079
0 0.537313 0.528289 0.0405366 0.0705069 0.373281
0 0.240439 0.490009 0.0728487 0.107447 0.296264
