0 0.719467 0.691498 0.0637419 0.10409 0.919955
0 0.569281 0.705255 0.0657221 0.112385 0.91244
0 0.382332 0.72186 0.0833941 0.136075 0.90963
0 0.160283 0.808747 0.105054 0.149064 0.907631
0 0.466764 0.55277 0.080477 0.171861 0.901455
0 0.31474 0.662488 0.0674151 0.0933598 0.893944
0 0.740657 0.931634 0.098373 0.135788 0.88913
0 0.176155 0.552614 0.053039 0.0705355 0.8776
0 0.0619083 0.597796 0.0666075 0.0956394 0.873553
0 0.754026 0.614244 0.0536098 0.0809959 0.873414
0 0.775308 0.524377 0.0380889 0.0683369 0.857441
0 0.016215 0.636704 0.0323727 0.0954288 0.791738
0 0.675116 0.515155 0.0340298 0.0531244 0.68284
0 0.5174 0.508702 0.0296497 0.0475654 0.518672
0 0.569301 0.506031 0.0374712 0.0537436 0.481534
0 0.987495 0.45819 0.0250093 0.0506631 0.350238
0 0.93197 0.679645 0.0515696 0.0926357 0.298229
0 0.468587 0.553307 0.0845972 0.17307 0.92318
0 0.161222 0.807213 0.107682 0.146537 0.911644
0 0.721925 0.691198 0.0644895 0.101145 0.90597
0 0.381504 0.72218 0.083317 0.131239 0.899812
0 0.176156 0.553017 0.0539968 0.0687263 0.890062
0 0.0631102 0.602047 0.0649143 0.0901267 0.888642
0 0.742864 0.930472 0.107678 0.138096 0.884442
0 0.569706 0.704728 0.0644954 0.113983 0.87065
0 0.75479 0.614771 0.0530625 0.0830883 0.865685
0 0.31115 0.664994 0.0649083 0.0921089 0.852265
0 0.775264 0.524102 0.038084 0.06766 0.85205
0 0.89923 0.605336 0.0363565 0.0644386 0.77959
0 0.0163055 0.636218 0.0326109 0.0965815 0.748847
0 0.674933 0.514188 0.0327528 0.0497988 0.700487
0 0.260121 0.508653 0.0585291 0.0818306 0.637675
0 0.986677 0.458504 0.0262213 0.0483197 0.497741
0 0.934798 0.671538 0.0499943 0.121736 0.446715
0 0.260501 0.521602 0.0585943 0.0553913 0.33597
0 0.941454 0.448257 0.0330193 0.0471939 0.2778
