0 0.277652 0.660114 0.0622437 0.0944817 0.926416
0 0.294429 0.885971 0.10013 0.143386 0.909353
0 0.142077 0.611832 0.0647978 0.0912024 0.907159
0 0.689944 0.63239 0.071322 0.174752 0.883263
0 0.498633 0.570126 0.0467514 0.0681598 0.873681
0 0.612478 0.574753 0.0467909 0.0871575 0.873309
0 0.232776 0.550868 0.0487899 0.0636382 0.867116
0 0.427136 0.551779 0.0464225 0.0617689 0.866139
0 0.706119 0.51189 0.0373789 0.0691979 0.865418
0 0.120205 0.565066 0.0634619 0.0818605 0.863658
0 0.245806 0.494024 0.0425375 0.0529716 0.862612
0 0.777188 0.510786 0.0378195 0.0563192 0.823497
0 0.995399 0.635473 0.00919266 0.0627866 0.330886
0 0.295359 0.88566 0.101579 0.14403 0.915247
0 0.233929 0.551322 0.0503546 0.0650001 0.912596
0 0.277134 0.661801 0.0631158 0.0925955 0.903813
0 0.141652 0.612364 0.0662204 0.0888972 0.899123
0 0.247094 0.493677 0.0417425 0.0561841 0.88802
0 0.613379 0.578252 0.0454887 0.083579 0.884035
0 0.690474 0.631188 0.0706898 0.173893 0.882557
0 0.427429 0.552652 0.0447907 0.0618211 0.86812
0 0.498257 0.56916 0.0450158 0.0681255 0.866053
0 0.119621 0.564821 0.0634473 0.077179 0.860143
0 0.776433 0.512112 0.0369017 0.0574797 0.859264
0 0.706854 0.512937 0.037801 0.0711622 0.85594
