0 0.141762 0.713716 0.0837994 0.114432 0.916402
0 0.704563 0.667211 0.0613294 0.0963026 0.911373
0 0.345939 0.801724 0.0880788 0.129721 0.902072
0 0.55561 0.807299 0.0842222 0.135926 0.896436
0 0.0632447 0.934667 0.125339 0.13055 0.888326
0 0.707987 0.570028 0.0468881 0.072027 0.883077
0 0.798624 0.646505 0.0596293 0.0947022 0.882445
0 0.401987 0.653732 0.0695951 0.0995946 0.869454
0 0.784767 0.570711 0.0443553 0.0704553 0.868928
0 0.426884 0.55158 0.0465878 0.0641882 0.861839
0 0.6066 0.575299 0.0479227 0.0997679 0.854579
0 0.642698 0.509785 0.0365526 0.0800039 0.850401
0 0.264632 0.532816 0.0439107 0.0583073 0.831467
0 0.719865 0.512563 0.0400969 0.0653081 0.767681
0 0.77687 0.510892 0.0326233 0.042441 0.749911
0 0.310685 0.579578 0.0477831 0.0717174 0.424161
0 0.508745 0.992344 0.0980062 0.015313 0.356667
0 0.339986 0.579229 0.107993 0.0720896 0.351921
0 0.14226 0.713795 0.0850818 0.109789 0.904747
0 0.346596 0.804938 0.0910392 0.132341 0.904578
0 0.60704 0.584567 0.0508926 0.0856566 0.896244
0 0.708598 0.570252 0.0467402 0.0710332 0.892019
0 0.0647184 0.936749 0.128556 0.125922 0.886359
0 0.555702 0.807259 0.0846903 0.134612 0.883638
0 0.704735 0.665519 0.0613015 0.0917309 0.874599
0 0.799723 0.648379 0.0612665 0.0951197 0.870694
0 0.427576 0.553919 0.0480582 0.0670527 0.870343
0 0.785264 0.56676 0.0431845 0.0802654 0.86935
0 0.264187 0.531139 0.0437762 0.0556585 0.862383
0 0.642434 0.511184 0.0387125 0.0804138 0.860076
0 0.721842 0.511996 0.0390423 0.0660624 0.851463
0 0.306409 0.581377 0.0425355 0.073187 0.841332
