0 0.270128 0.715343 0.0773342 0.104192 0.916652
0 0.084019 0.626255 0.0707177 0.0979076 0.910725
0 0.0594149 0.891777 0.1182 0.159099 0.896911
0 0.70185 0.929026 0.0974629 0.141878 0.894699
0 0.699066 0.706053 0.0673215 0.112159 0.893372
0 0.472893 0.545761 0.0707034 0.160714 0.891371
0 0.599954 0.606202 0.0557457 0.0917723 0.883207
0 0.837082 0.715658 0.0683075 0.125479 0.882651
0 0.245505 0.496648 0.0440816 0.0577744 0.871416
0 0.614965 0.552011 0.045089 0.0646189 0.870703
0 0.71244 0.532369 0.0403719 0.0766877 0.854171
0 0.198253 0.516865 0.0429265 0.0545172 0.850075
0 0.656533 0.507289 0.0339523 0.0563961 0.849768
0 0.775708 0.523606 0.0369942 0.0642477 0.837361
0 0.9926 0.650717 0.0147993 0.0749907 0.740273
0 0.677851 0.497814 0.0241407 0.057 0.339997
0 0.269637 0.716825 0.0800933 0.104145 0.922617
0 0.0854425 0.626808 0.0743698 0.0936499 0.914081
0 0.703145 0.927666 0.10123 0.144669 0.898821
0 0.474677 0.547012 0.0791276 0.160865 0.8966
0 0.599252 0.606295 0.0571432 0.092558 0.890863
0 0.0584864 0.890426 0.114121 0.151692 0.884825
0 0.838836 0.718019 0.0709557 0.132148 0.877636
0 0.69943 0.705461 0.0686022 0.10908 0.87318
0 0.713455 0.531609 0.0410919 0.0787178 0.870904
0 0.616513 0.55196 0.0435952 0.0611197 0.842851
0 0.656848 0.506761 0.0322216 0.0563672 0.774899
0 0.775548 0.521998 0.0371408 0.0647398 0.770573
0 0.245696 0.494741 0.0423865 0.0565069 0.697975
0 0.993322 0.649836 0.0131889 0.0739578 0.421599
0 0.965231 0.464196 0.0399302 0.0522713 0.342678
