0 0.444991 0.806678 0.0839024 0.130628 0.91999
0 0.653881 0.801751 0.089052 0.129143 0.919613
0 0.294978 0.667668 0.0613804 0.0952351 0.914539
0 0.200577 0.645372 0.0571396 0.0954338 0.902605
0 0.937237 0.935133 0.124405 0.128547 0.899334
0 0.392395 0.58326 0.0491759 0.0820967 0.898925
0 0.291456 0.569237 0.0470418 0.0747572 0.897055
0 0.858952 0.713138 0.0820019 0.114391 0.892797
0 0.214591 0.570054 0.0448857 0.0727875 0.87275
0 0.596769 0.649238 0.0689108 0.0991291 0.847837
0 0.357693 0.508493 0.0370626 0.0796373 0.841991
0 0.736098 0.532324 0.0425089 0.055234 0.83936
0 0.572733 0.551463 0.0451916 0.0639859 0.806422
0 0.277931 0.512727 0.0389108 0.0642181 0.784954
0 0.22381 0.511245 0.0347838 0.0421869 0.583026
0 0.688507 0.578498 0.0487626 0.0737797 0.364644
0 0.495941 0.99096 0.119737 0.0180805 0.344646
0 0.494987 0.992909 0.103281 0.0141813 0.321732
