0 0.261172 0.834597 0.174521 0.330807 0.929787
0 0.704647 0.626423 0.0569634 0.0937726 0.915349
0 0.0270341 0.653888 0.0540681 0.101502 0.904903
0 0.466055 0.594378 0.0624796 0.0885801 0.902008
0 0.749939 0.921608 0.191566 0.156573 0.899331
0 0.580346 0.669755 0.0680986 0.127248 0.88755
0 0.0512188 0.943091 0.102438 0.112827 0.879361
0 0.104363 0.569689 0.0596091 0.0746319 0.872714
0 0.706791 0.536991 0.0396885 0.067192 0.85427
0 0.638138 0.523963 0.0379581 0.0609434 0.845991
0 0.242764 0.497388 0.0368468 0.0518396 0.810108
0 0.522302 0.543017 0.0429005 0.0658835 0.779491
0 0.421263 0.5526 0.0452311 0.0596056 0.748448
0 0.560099 0.517463 0.0360952 0.0529455 0.735925
0 0.733824 0.51714 0.0321573 0.0523181 0.727326
0 0.873978 0.545794 0.0366543 0.0679388 0.617615
0 0.772865 0.508469 0.0277257 0.0437487 0.472106
0 0.293518 0.475245 0.0602645 0.0965282 0.471205
0 0.977317 0.446495 0.0314743 0.0432396 0.402774
0 0.254909 0.832823 0.172765 0.334353 0.927892
0 0.466974 0.595827 0.0674388 0.0879856 0.899255
0 0.579547 0.670802 0.070579 0.126777 0.881631
0 0.0282726 0.651727 0.0565453 0.0994819 0.881
0 0.704849 0.624733 0.053794 0.0916026 0.868011
0 0.0510672 0.951151 0.102134 0.0972492 0.860564
0 0.103681 0.570728 0.0639706 0.0733618 0.840363
0 0.706016 0.538388 0.0371279 0.0649088 0.829767
0 0.638468 0.525278 0.036694 0.0592931 0.824195
0 0.243389 0.49577 0.0377586 0.0541527 0.822327
0 0.875374 0.547248 0.0381147 0.064188 0.802375
0 0.75118 0.968651 0.190274 0.0624771 0.775592
0 0.295562 0.480835 0.0598123 0.104323 0.700127
0 0.733912 0.517085 0.0296394 0.0530071 0.686534
0 0.420719 0.554183 0.0422528 0.0615681 0.582282
0 0.751117 0.918848 0.194466 0.162304 0.527807
0 0.52294 0.543756 0.0365084 0.0645684 0.420142
0 0.558823 0.516358 0.0300684 0.0483639 0.338424
0 0.419595 0.445202 0.0300041 0.0423693 0.26551
