0 0.822026 0.736363 0.168919 0.174836 0.912404
0 0.58933 0.883838 0.190996 0.172922 0.90676
0 0.762539 0.469531 0.0911706 0.0879476 0.90562
0 0.681671 0.535911 0.0992538 0.0900618 0.904269
0 0.590177 0.33922 0.0553659 0.0529056 0.897954
0 0.537773 0.503586 0.10427 0.127321 0.894184
0 0.307443 0.796064 0.181718 0.188089 0.882716
0 0.0685113 0.486683 0.0955449 0.0832413 0.881484
0 0.401376 0.441606 0.0851278 0.0757092 0.874174
0 0.862294 0.591941 0.111827 0.110048 0.866879
0 0.245259 0.554696 0.110902 0.089222 0.860063
0 0.385027 0.504365 0.0886316 0.0758113 0.856764
0 0.35213 0.61089 0.127979 0.104999 0.854425
0 0.632063 0.453228 0.0776867 0.0716053 0.836437
0 0.18935 0.96319 0.228504 0.0736197 0.832113
0 0.302678 0.429974 0.0722012 0.0636178 0.827
0 0.940461 0.403144 0.0763313 0.0708591 0.807982
0 0.131584 0.42571 0.0996723 0.0767371 0.806165
0 0.238454 0.35495 0.0579992 0.0471505 0.785264
0 0.325759 0.381729 0.0795057 0.0633122 0.782515
0 0.635168 0.277901 0.0463699 0.0408696 0.778937
0 0.41834 0.402982 0.0673355 0.0580093 0.722156
0 0.646204 0.324365 0.0248414 0.0457169 0.451037
0 0.506868 0.269358 0.0458447 0.0537018 0.446821
0 0.433613 0.281936 0.0576633 0.0906549 0.382848
0 0.591815 0.881878 0.19277 0.18026 0.910896
0 0.0678146 0.484709 0.0907788 0.078688 0.90185
0 0.820919 0.737921 0.172625 0.17561 0.900167
0 0.306331 0.795991 0.172186 0.191021 0.896326
0 0.764777 0.469387 0.0872116 0.0876133 0.888747
0 0.189463 0.961029 0.224519 0.0779429 0.886578
0 0.86525 0.590926 0.115024 0.109998 0.884849
0 0.542024 0.505041 0.106936 0.116938 0.884677
0 0.349487 0.611961 0.121112 0.101903 0.879332
0 0.683934 0.53435 0.0921627 0.0877016 0.87282
0 0.245278 0.553924 0.100628 0.0827078 0.853291
0 0.386098 0.504621 0.0898223 0.0743109 0.851227
0 0.404097 0.440333 0.0910911 0.0707104 0.847931
0 0.944058 0.406064 0.0747475 0.066452 0.832848
0 0.535118 0.58981 0.10997 0.0875061 0.823346
0 0.305204 0.43166 0.0729425 0.0630985 0.806672
0 0.138484 0.426537 0.0829044 0.0699273 0.802671
0 0.634847 0.451153 0.0792391 0.0624984 0.490516
