0 0.330865 0.767445 0.175399 0.162139 0.913715
0 0.129849 0.704302 0.142524 0.122223 0.906666
0 0.227202 0.564663 0.117233 0.096651 0.905569
0 0.377081 0.623798 0.116026 0.102383 0.89981
0 0.772784 0.639058 0.138323 0.15606 0.89659
0 0.204047 0.381453 0.0700383 0.056976 0.894712
0 0.688007 0.482182 0.096144 0.10245 0.891582
0 0.0703008 0.495023 0.0958019 0.0854644 0.8861
0 0.866491 0.561649 0.114663 0.112021 0.883664
0 0.557932 0.595453 0.117814 0.105498 0.878399
0 0.402117 0.473838 0.0929196 0.0756875 0.878258
0 0.424582 0.365166 0.0777105 0.121473 0.878227
0 0.274183 0.480016 0.102175 0.0860692 0.859148
0 0.620524 0.344906 0.0588009 0.0681151 0.858414
0 0.765207 0.446557 0.0790256 0.082565 0.856628
0 0.329369 0.385517 0.0707683 0.0625799 0.854972
0 0.587222 0.695826 0.139612 0.121603 0.798373
0 0.25195 0.338905 0.0580753 0.042389 0.794667
0 0.67339 0.313972 0.0527485 0.0524773 0.769626
0 0.355148 0.340143 0.0638907 0.0461124 0.66075
0 0.529424 0.378913 0.0609568 0.0541814 0.654298
0 0.590357 0.275911 0.0495905 0.0432769 0.652201
0 0.640613 0.25598 0.0489805 0.0470273 0.618787
0 0.41268 0.431174 0.0790109 0.0641421 0.570677
0 0.958114 0.972087 0.0830893 0.0558256 0.374299
