0 0.615517 0.363181 0.0681549 0.0662685 0.913807
0 0.38181 0.496291 0.121377 0.178933 0.906658
0 0.706901 0.353391 0.0673471 0.0632294 0.898991
0 0.318014 0.797672 0.170167 0.146527 0.894744
0 0.821202 0.52675 0.111764 0.0986981 0.894635
0 0.362142 0.634633 0.126919 0.107856 0.892922
0 0.255337 0.52017 0.108842 0.0930555 0.890797
0 0.100582 0.753411 0.194061 0.165819 0.886785
0 0.159828 0.418488 0.0809287 0.0644999 0.87132
0 0.0604589 0.496835 0.111496 0.0935118 0.869581
0 0.658573 0.449674 0.085389 0.0680542 0.863014
0 0.537712 0.533834 0.0976543 0.0891464 0.83797
0 0.550351 0.688505 0.141945 0.126027 0.744653
0 0.665337 0.299546 0.0512014 0.0520692 0.744483
0 0.602826 0.29811 0.0604385 0.0522141 0.730937
0 0.0199289 0.961842 0.0395338 0.076317 0.689182
0 0.988978 0.847254 0.0220432 0.175414 0.541609
0 0.385125 0.497233 0.115662 0.180765 0.912568
0 0.0947954 0.75345 0.187122 0.170279 0.910232
0 0.316256 0.79736 0.168163 0.155601 0.90704
0 0.253616 0.521971 0.108478 0.0934734 0.876256
0 0.363439 0.633727 0.129796 0.108878 0.873038
0 0.158237 0.417978 0.079884 0.0615665 0.860561
0 0.0592728 0.497147 0.109284 0.0897429 0.856524
0 0.820682 0.526207 0.111006 0.100157 0.854723
0 0.66037 0.44993 0.0844052 0.0644118 0.846079
0 0.708065 0.353695 0.0679977 0.0623341 0.816438
0 0.617329 0.363686 0.0676554 0.0634183 0.788882
0 0.540789 0.532719 0.0974791 0.0868561 0.781297
0 0.554336 0.68959 0.136392 0.132601 0.776131
0 0.0210639 0.959477 0.0419896 0.0810459 0.711676
0 0.990393 0.825372 0.0190273 0.133133 0.478885
0 0.532592 0.46968 0.0898251 0.0739868 0.409848
0 0.666693 0.301533 0.0499382 0.053092 0.363793
0 0.601719 0.297588 0.0525415 0.0497752 0.325405
