0 0.897634 0.903162 0.196123 0.193676 0.915715
0 0.926677 0.702537 0.144615 0.164204 0.908622
0 0.294266 0.838133 0.17111 0.150116 0.908187
0 0.667509 0.34468 0.0585184 0.0555655 0.903539
0 0.598931 0.859926 0.19199 0.181122 0.89991
0 0.0813018 0.755092 0.161972 0.137527 0.89843
0 0.733218 0.669429 0.123164 0.129779 0.896696
0 0.638127 0.45965 0.0761055 0.0730595 0.894925
0 0.318715 0.724778 0.143719 0.118883 0.881309
0 0.585574 0.712511 0.146085 0.139498 0.872288
0 0.294464 0.452405 0.0847365 0.0676483 0.869156
0 0.167728 0.417671 0.0786888 0.0632172 0.866352
0 0.540896 0.578973 0.111611 0.093537 0.848654
0 0.385737 0.496082 0.0961351 0.0790416 0.841222
0 0.414837 0.382871 0.0771437 0.0729485 0.800892
0 0.361831 0.601032 0.125575 0.121958 0.777114
0 0.976856 0.444402 0.0461697 0.0887953 0.762609
0 0.317115 0.968726 0.221149 0.0625489 0.757056
0 0.403779 0.432816 0.0733863 0.0692618 0.729961
0 0.440346 0.255414 0.0493018 0.0779651 0.718707
0 0.0452948 0.430832 0.0905896 0.0627855 0.71493
0 0.529644 0.420411 0.0793238 0.0930394 0.684296
0 0.217833 0.374925 0.0848527 0.0623775 0.59831
0 0.503921 0.245229 0.0373724 0.0442166 0.302382
0 0.853891 0.57869 0.0382565 0.0952891 0.255667
0 0.293473 0.839283 0.17433 0.153675 0.915382
0 0.600789 0.85859 0.19546 0.183464 0.913785
0 0.0817507 0.754821 0.159187 0.141829 0.909232
0 0.362453 0.602769 0.119781 0.120877 0.903834
0 0.898244 0.901107 0.198824 0.195321 0.898087
0 0.927011 0.696227 0.145979 0.165814 0.894262
0 0.640563 0.460073 0.0786095 0.0754673 0.88997
0 0.585218 0.704048 0.145515 0.124449 0.880929
0 0.319532 0.726812 0.143205 0.121239 0.878478
0 0.295149 0.451796 0.07729 0.063097 0.865045
0 0.38741 0.497889 0.0948266 0.0722904 0.864166
0 0.977219 0.449088 0.0455612 0.0784267 0.857177
0 0.169263 0.416393 0.0712247 0.0567867 0.84665
0 0.741509 0.669478 0.130424 0.125585 0.836777
0 0.311744 0.969881 0.23427 0.0601398 0.834515
0 0.542902 0.578091 0.11628 0.096883 0.833377
0 0.0415116 0.430143 0.0830232 0.0622718 0.832004
0 0.525404 0.473297 0.0891587 0.0650841 0.829329
0 0.403997 0.432168 0.0728333 0.058512 0.776029
0 0.211914 0.374119 0.0635798 0.052053 0.533568
0 0.53295 0.416873 0.0764269 0.0786253 0.51766
0 0.41758 0.377123 0.0742028 0.0761786 0.292582
0 0.668882 0.345537 0.0621128 0.0554709 0.282404
