0 0.402599 0.779604 0.185808 0.239374 0.91794
0 0.19398 0.704432 0.154669 0.182717 0.907294
0 0.622095 0.584521 0.124819 0.113418 0.905494
0 0.774269 0.560501 0.112126 0.0940548 0.899615
0 0.582164 0.414189 0.0687521 0.0626261 0.899351
0 0.349228 0.42984 0.0797431 0.0870646 0.877207
0 0.843703 0.423354 0.0840525 0.0599265 0.875537
0 0.138074 0.575566 0.123073 0.118695 0.865954
0 0.689607 0.419336 0.084241 0.0736463 0.864453
0 0.720737 0.46999 0.0888201 0.0741967 0.861567
0 0.392848 0.34766 0.0611455 0.0550245 0.856946
0 0.675002 0.745613 0.149638 0.129498 0.855563
0 0.655585 0.343496 0.0641089 0.0568948 0.844682
0 0.760703 0.349884 0.0574154 0.0459744 0.833458
0 0.598761 0.499163 0.0962206 0.0768108 0.819648
0 0.28584 0.387991 0.0689023 0.0725861 0.809507
0 0.568919 0.327555 0.0638251 0.102795 0.793321
0 0.974203 0.954413 0.0515947 0.0911732 0.766752
0 0.96323 0.423728 0.0735392 0.0669477 0.740811
0 0.812776 0.9708 0.234541 0.0584008 0.729285
0 0.338225 0.310907 0.0559969 0.0566391 0.679931
0 0.45677 0.502595 0.0944775 0.0768715 0.644785
0 0.0127147 0.774187 0.0249041 0.162483 0.64148
0 0.410935 0.297198 0.0571018 0.046629 0.579065
0 0.99134 0.569355 0.0173208 0.0941143 0.533455
0 0.441811 0.560823 0.103897 0.091177 0.408043
0 0.478821 0.329473 0.056259 0.0456591 0.289922
0 0.397425 0.780783 0.184754 0.241345 0.920746
0 0.194244 0.704887 0.165209 0.178104 0.899573
0 0.135797 0.576638 0.117237 0.115449 0.895514
0 0.773979 0.559918 0.113618 0.0960573 0.883382
0 0.621379 0.583412 0.124971 0.109775 0.876912
0 0.346007 0.429795 0.0831314 0.0805946 0.867466
0 0.676533 0.743852 0.149278 0.136517 0.862971
0 0.597246 0.498925 0.0971437 0.0780701 0.858711
0 0.841732 0.422332 0.0790745 0.0581739 0.840255
0 0.4428 0.562429 0.108918 0.0903462 0.83827
0 0.717473 0.472549 0.0952878 0.0775904 0.837138
0 0.812407 0.968232 0.237862 0.0635048 0.832323
0 0.283791 0.388497 0.065971 0.0684263 0.823222
0 0.455939 0.503657 0.102041 0.0748525 0.673976
0 0.97449 0.953922 0.0510195 0.092025 0.614424
0 0.0132804 0.782646 0.0265607 0.170421 0.580312
0 0.139567 0.342789 0.0641158 0.058 0.549201
0 0.98868 0.568687 0.0226393 0.0920788 0.473188
0 0.393684 0.347219 0.054154 0.0536757 0.291312
