0 0.644628 0.776878 0.150279 0.154503 0.904486
0 0.659839 0.670541 0.117441 0.116 0.897132
0 0.283678 0.621037 0.115415 0.11345 0.893732
0 0.777906 0.943398 0.236344 0.113204 0.870844
0 0.799544 0.581664 0.119186 0.0974641 0.869951
0 0.600465 0.442987 0.082818 0.0681458 0.866999
0 0.61946 0.514806 0.104776 0.0989395 0.855631
0 0.295467 0.416289 0.0754777 0.0681489 0.848199
0 0.78276 0.381502 0.0682658 0.0521883 0.84679
0 0.929266 0.494387 0.105582 0.0782746 0.839964
0 0.467408 0.475869 0.0884041 0.0709355 0.826678
0 0.643855 0.598513 0.109738 0.0961219 0.812601
0 0.682259 0.397647 0.0718781 0.0656416 0.785558
0 0.975909 0.563661 0.0481821 0.0891163 0.76879
0 0.462619 0.574378 0.121376 0.164591 0.68911
0 0.483361 0.414102 0.0738788 0.058504 0.635513
0 0.880093 0.382595 0.0691156 0.0539345 0.560034
0 0.98774 0.466816 0.0245199 0.0767111 0.370199
0 0.581704 0.361769 0.0697243 0.0679542 0.368169
0 0.00555661 0.476088 0.0111132 0.071308 0.317256
