0 0.59539 0.778725 0.190505 0.239308 0.922833
0 0.378093 0.584744 0.123711 0.11187 0.911864
0 0.804361 0.705408 0.159833 0.177288 0.90466
0 0.225432 0.56064 0.108719 0.0944607 0.902338
0 0.416706 0.414326 0.0704254 0.062578 0.901326
0 0.15488 0.422314 0.0869227 0.0618777 0.89862
0 0.650726 0.43055 0.0779472 0.0873607 0.882654
0 0.861006 0.574815 0.119124 0.117369 0.878588
0 0.324878 0.745041 0.15195 0.129716 0.869816
0 0.605713 0.347893 0.0593456 0.0553278 0.867015
0 0.34487 0.34378 0.064953 0.0548405 0.866497
0 0.310048 0.418786 0.0844893 0.0709102 0.857248
0 0.714685 0.387805 0.067993 0.0692246 0.853201
0 0.662446 0.311609 0.0561616 0.0572171 0.845791
0 0.238923 0.350608 0.0582652 0.046518 0.844241
0 0.544172 0.50186 0.0961192 0.0798113 0.827907
0 0.0257789 0.956475 0.0509425 0.0867634 0.822832
0 0.278856 0.470013 0.0933219 0.0731621 0.817648
0 0.400897 0.499905 0.0959655 0.0773598 0.806972
0 0.432095 0.326214 0.0642196 0.102984 0.800967
0 0.189126 0.970177 0.232273 0.0596457 0.781168
0 0.0381676 0.42223 0.0763351 0.0673154 0.770229
0 0.987509 0.785535 0.0249816 0.18238 0.676788
0 0.00981141 0.565809 0.0196228 0.0886499 0.563697
0 0.2809 0.313944 0.0485851 0.0374864 0.446486
0 0.859909 0.341356 0.066301 0.0592613 0.373006
0 0.424162 0.379284 0.0643474 0.0542576 0.357886
0 0.559596 0.562829 0.101237 0.0917562 0.255317
0 0.653759 0.429521 0.084038 0.0813305 0.915289
0 0.599533 0.780659 0.189951 0.239727 0.912015
0 0.402981 0.499556 0.100282 0.0776079 0.904007
0 0.227173 0.561057 0.111763 0.0974131 0.903198
0 0.80593 0.705357 0.161308 0.176736 0.90131
0 0.379568 0.581764 0.127034 0.111268 0.8697
0 0.866925 0.57716 0.116542 0.112391 0.869651
0 0.323616 0.744569 0.154872 0.133442 0.865191
0 0.559243 0.562269 0.104541 0.0893013 0.862675
0 0.717127 0.387418 0.066653 0.0654741 0.853086
0 0.280964 0.473748 0.0936997 0.0774931 0.852011
0 0.542899 0.503225 0.0945797 0.0779162 0.843237
0 0.187085 0.968175 0.237623 0.0636507 0.823912
0 0.157557 0.421639 0.0789499 0.0584617 0.817734
0 0.985176 0.77221 0.0293472 0.145446 0.675657
0 0.0106191 0.568655 0.0211667 0.0904808 0.611209
0 0.0264376 0.953866 0.0527936 0.092128 0.59525
0 0.310595 0.421027 0.0848764 0.0744476 0.560673
0 0.00831658 0.563438 0.0166332 0.10368 0.258331
0 0.238238 0.348453 0.0500381 0.0460994 0.253663
