0 0.351679 0.908438 0.247942 0.183124 0.922687
0 0.63794 0.66139 0.145613 0.135462 0.921324
0 0.0983909 0.813601 0.196782 0.233846 0.911332
0 0.705651 0.442517 0.094323 0.075808 0.902589
0 0.730856 0.882593 0.186783 0.164407 0.902251
0 0.273552 0.568148 0.121768 0.132065 0.899526
0 0.662511 0.362267 0.0676874 0.0598819 0.899193
0 0.742665 0.51142 0.102133 0.0843704 0.892687
0 0.0633056 0.653759 0.126467 0.13824 0.886945
0 0.823196 0.622171 0.121542 0.10494 0.885498
0 0.776525 0.363707 0.0657997 0.05221 0.882587
0 0.611725 0.550917 0.102265 0.0879072 0.882501
0 0.19256 0.501252 0.0929279 0.0961214 0.870291
0 0.366001 0.385237 0.0703229 0.0747383 0.861215
0 0.589508 0.440273 0.0793619 0.0657673 0.85883
0 0.572995 0.34246 0.0737286 0.112325 0.85579
0 0.88493 0.45307 0.0868826 0.0682868 0.854217
0 0.403659 0.308147 0.053285 0.0502891 0.848098
0 0.452486 0.543571 0.108488 0.0885998 0.819024
0 0.308377 0.348598 0.0611247 0.0587154 0.78574
0 0.734943 0.32226 0.0521961 0.0403674 0.709052
0 0.583408 0.401648 0.072758 0.0620054 0.689037
0 0.351382 0.278061 0.0522801 0.0510263 0.558549
0 0.639792 0.317393 0.0627521 0.0444616 0.549018
0 0.98205 0.449704 0.0359003 0.0730838 0.526023
0 0.43144 0.616735 0.123147 0.111033 0.302369
0 0.730225 0.880222 0.190926 0.173642 0.919942
0 0.0653208 0.649891 0.129527 0.138257 0.901404
0 0.82159 0.620769 0.126098 0.109829 0.900214
0 0.63837 0.658531 0.145939 0.133986 0.899623
0 0.883395 0.453616 0.089579 0.0693579 0.896219
0 0.269911 0.568651 0.124222 0.143093 0.894322
0 0.101458 0.81412 0.200193 0.22776 0.893646
0 0.59182 0.441864 0.0823467 0.0711866 0.889914
0 0.356519 0.9077 0.246805 0.180001 0.888404
0 0.451635 0.546656 0.113967 0.093359 0.877922
0 0.610028 0.551614 0.11185 0.0947714 0.876867
0 0.307562 0.348548 0.0625163 0.0613429 0.871252
0 0.364237 0.387324 0.0725685 0.0763982 0.871039
0 0.189399 0.502178 0.0921535 0.100614 0.868569
0 0.431816 0.621258 0.119493 0.108688 0.860388
0 0.742483 0.512354 0.10893 0.088154 0.857828
0 0.704799 0.445513 0.0978559 0.0864926 0.849226
0 0.776553 0.362178 0.0601262 0.0514668 0.839496
0 0.495489 0.461411 0.0900652 0.077926 0.814868
0 0.161838 0.324065 0.0594753 0.0573067 0.771869
0 0.476693 0.352723 0.060648 0.0515271 0.768815
0 0.403525 0.308954 0.0486152 0.0482589 0.64095
0 0.658991 0.365126 0.0738949 0.0573164 0.58056
0 0.575656 0.347029 0.0753141 0.132446 0.395029
