0 0.268058 0.907631 0.220402 0.184738 0.918694
0 0.547909 0.558569 0.119129 0.158613 0.897952
0 0.290257 0.457377 0.0800215 0.0695152 0.897667
0 0.0376488 0.529939 0.0752975 0.0940523 0.891914
0 0.740892 0.609392 0.129238 0.136795 0.887413
0 0.32445 0.685127 0.149749 0.126395 0.886172
0 0.648965 0.467194 0.0862459 0.0780699 0.88526
0 0.801289 0.514288 0.0949331 0.0889364 0.884401
0 0.722449 0.417383 0.0759088 0.0762388 0.88439
0 0.396775 0.469767 0.0915544 0.0821527 0.870616
0 0.211457 0.624887 0.125464 0.107528 0.861683
0 0.0995481 0.455758 0.099401 0.0863581 0.85481
0 0.376629 0.550952 0.102942 0.0864193 0.848113
0 0.609278 0.402869 0.0683718 0.06054 0.836628
0 0.578919 0.30048 0.048989 0.0468825 0.831978
0 0.323004 0.385087 0.0834358 0.096279 0.763465
0 0.22197 0.370625 0.0683278 0.0500806 0.756813
0 0.538416 0.476869 0.0796217 0.0891424 0.741686
0 0.415949 0.426479 0.069437 0.0614179 0.729979
0 0.915438 0.387196 0.0660721 0.0626246 0.71241
0 0.442173 0.386268 0.0635342 0.0527469 0.64029
0 0.625329 0.257514 0.0420413 0.0400613 0.630472
0 0.317606 0.404034 0.0823461 0.0584425 0.530575
0 0.358924 0.304066 0.0532804 0.0482676 0.447679
0 0.432814 0.306566 0.0589008 0.123603 0.348897
0 0.739796 0.608775 0.131077 0.13954 0.9177
0 0.0359919 0.526568 0.071698 0.0926975 0.916336
0 0.54824 0.557918 0.123801 0.150648 0.907148
0 0.650339 0.466078 0.0769025 0.072297 0.898284
0 0.325414 0.684897 0.144771 0.126042 0.893566
0 0.207955 0.621891 0.111991 0.102633 0.889407
0 0.266619 0.905436 0.212804 0.186817 0.882375
0 0.100597 0.454865 0.0963305 0.0798485 0.871809
0 0.804803 0.513385 0.096442 0.0925549 0.868245
0 0.400779 0.467737 0.0988239 0.0814183 0.866198
0 0.545666 0.668368 0.126649 0.10978 0.851545
0 0.292774 0.457542 0.082962 0.066591 0.842568
0 0.377328 0.551077 0.0977494 0.0836941 0.821489
0 0.220692 0.370562 0.0524868 0.0437159 0.655978
0 0.537225 0.459664 0.0831592 0.0491564 0.649026
0 0.316065 0.405435 0.0747251 0.050637 0.544305
0 0.72308 0.415252 0.0718393 0.0732807 0.457037
0 0.418284 0.426175 0.0732792 0.0601754 0.320923
