0 0.603344 0.467967 0.0955931 0.0857353 0.897892
0 0.454464 0.560862 0.128306 0.162044 0.896628
0 0.277201 0.417312 0.0768794 0.0764701 0.895884
0 0.732195 0.907374 0.208099 0.182826 0.893005
0 0.672037 0.684319 0.144028 0.125872 0.888113
0 0.198476 0.51503 0.0968897 0.0882687 0.885239
0 0.259833 0.608671 0.12838 0.135991 0.876481
0 0.623748 0.550576 0.0986475 0.0869013 0.875888
0 0.788635 0.625912 0.127642 0.108072 0.872034
0 0.709473 0.456538 0.0844753 0.0722501 0.87167
0 0.347942 0.467268 0.08913 0.0767208 0.867326
0 0.777695 0.371984 0.0678697 0.0478804 0.862964
0 0.963034 0.528814 0.0739325 0.0948541 0.862753
0 0.420859 0.300447 0.0499624 0.049741 0.841497
0 0.899904 0.456278 0.0965649 0.0858761 0.832135
0 0.39035 0.403132 0.0696821 0.0630447 0.779401
0 0.0835227 0.388137 0.0688984 0.0647746 0.761142
0 0.462235 0.468164 0.0816001 0.0721593 0.758579
0 0.583177 0.424846 0.0690184 0.0630033 0.730365
0 0.678893 0.385684 0.0849467 0.0932396 0.679502
0 0.565213 0.286374 0.0563076 0.0845895 0.66426
0 0.372689 0.257435 0.0453187 0.0393154 0.642702
0 0.640778 0.304545 0.0575781 0.0494697 0.609278
0 0.891606 0.378882 0.071891 0.0579141 0.282254
0 0.456118 0.66533 0.13647 0.110855 0.277054
0 0.752596 0.982903 0.084165 0.0341936 0.262333
0 0.732898 0.905906 0.215314 0.187527 0.922804
0 0.260315 0.606183 0.131955 0.141113 0.915614
0 0.600757 0.468554 0.0970208 0.0779511 0.914695
0 0.196068 0.514035 0.0968946 0.0945911 0.897158
0 0.449235 0.561522 0.118087 0.156624 0.895335
0 0.789559 0.622399 0.113674 0.0984579 0.892723
0 0.676281 0.684197 0.139826 0.127015 0.887852
0 0.96412 0.5273 0.0717608 0.0896308 0.886285
0 0.347288 0.465511 0.0793285 0.0725753 0.873289
0 0.708771 0.457599 0.0827995 0.0673375 0.857687
0 0.900458 0.454634 0.100055 0.0789541 0.857347
0 0.454239 0.668384 0.127795 0.109412 0.851099
0 0.622627 0.55084 0.0957339 0.0817943 0.815465
0 0.462994 0.461214 0.0831481 0.0514235 0.767716
0 0.776929 0.369889 0.0566389 0.042401 0.430419
0 0.276686 0.417446 0.0704406 0.0788228 0.336708
0 0.582457 0.425968 0.0722821 0.0590237 0.266542
