0 0.398354 0.808767 0.1774 0.161299 0.918715
0 0.714571 0.927802 0.210906 0.144397 0.914172
0 0.628134 0.622868 0.119221 0.108225 0.908723
0 0.904411 0.769065 0.177917 0.139288 0.908499
0 0.590931 0.428976 0.0961639 0.148057 0.895971
0 0.701997 0.451969 0.0949393 0.0798035 0.894575
0 0.793438 0.37961 0.0710926 0.0522282 0.892806
0 0.285733 0.560511 0.107637 0.09853 0.892754
0 0.0721107 0.64956 0.144031 0.130699 0.89117
0 0.347767 0.428211 0.0868611 0.0810074 0.888557
0 0.807768 0.614358 0.141299 0.125983 0.888323
0 0.249235 0.410829 0.0754972 0.0743519 0.886505
0 0.371262 0.350602 0.0675825 0.0623056 0.867063
0 0.608534 0.526177 0.11277 0.0887665 0.866394
0 0.869613 0.436416 0.0902798 0.0764595 0.864285
0 0.459576 0.453868 0.0845011 0.0700895 0.859232
0 0.299044 0.342596 0.0602236 0.0637464 0.851908
0 0.70106 0.453072 0.0959694 0.0820498 0.938594
0 0.869576 0.437766 0.0946117 0.0755248 0.908148
0 0.592332 0.428838 0.0986509 0.150914 0.908
0 0.809588 0.613686 0.145432 0.128395 0.9045
0 0.248225 0.411468 0.0764649 0.0775398 0.900101
0 0.713828 0.92571 0.211787 0.146614 0.897509
0 0.901734 0.768024 0.174148 0.140432 0.897328
0 0.07257 0.647648 0.143962 0.129815 0.892821
0 0.628194 0.621497 0.122074 0.110711 0.891862
0 0.395694 0.806857 0.177547 0.160865 0.881853
0 0.284777 0.558613 0.10757 0.0949439 0.871163
0 0.608309 0.526021 0.112519 0.0914697 0.870441
0 0.346355 0.427636 0.0871237 0.0810056 0.857981
0 0.458851 0.455022 0.0864547 0.0727608 0.854234
0 0.794346 0.379173 0.0718505 0.0513165 0.824414
0 0.299483 0.343801 0.062752 0.0608935 0.823212
0 0.370633 0.349104 0.0689459 0.0586501 0.810174
0 0.325112 0.987237 0.193002 0.0254498 0.445883
