0 0.356866 0.777587 0.15707 0.155453 0.910519
0 0.718886 0.621383 0.114773 0.112717 0.890559
0 0.218272 0.943067 0.252085 0.113865 0.87954
0 0.705289 0.415793 0.0697153 0.0661906 0.878884
0 0.342814 0.670603 0.123424 0.108764 0.87566
0 0.203786 0.580927 0.126417 0.0962337 0.874353
0 0.53166 0.476831 0.0889402 0.0737593 0.849615
0 0.0683863 0.495143 0.106236 0.0772789 0.836734
0 0.400747 0.441743 0.0825608 0.0667749 0.822139
0 0.379773 0.513795 0.105269 0.0953945 0.806172
0 0.023859 0.563038 0.0477179 0.0883185 0.805434
0 0.118162 0.38357 0.0691173 0.0548818 0.779942
0 0.216824 0.380791 0.0649386 0.0520307 0.777019
0 0.358924 0.597326 0.115072 0.092476 0.747008
0 0.0118267 0.463115 0.0231421 0.0702597 0.687474
0 0.316512 0.398517 0.075252 0.0620195 0.596849
0 0.516122 0.414757 0.0745567 0.0571609 0.584516
0 0.541354 0.574096 0.115648 0.164925 0.533372
0 0.442045 0.235161 0.0434234 0.0627666 0.331233
0 0.615921 0.258305 0.0392519 0.0416007 0.271549
0 0.551956 0.21672 0.0374689 0.0456603 0.261598
0 0.356843 0.777536 0.158007 0.144142 0.911566
0 0.344608 0.667424 0.129324 0.104956 0.893954
0 0.234887 0.941826 0.212928 0.116023 0.884572
0 0.196235 0.580307 0.109739 0.103856 0.877958
0 0.719837 0.623107 0.119167 0.115631 0.873458
0 0.705346 0.416409 0.0754304 0.0704102 0.871796
0 0.536587 0.602121 0.118856 0.104209 0.86982
0 0.0710647 0.493202 0.0915475 0.0727524 0.868693
0 0.360517 0.596664 0.113285 0.0922949 0.861565
0 0.380015 0.512357 0.105833 0.087146 0.860364
0 0.402446 0.440516 0.0810574 0.0552315 0.858439
0 0.55171 0.533212 0.105409 0.0748181 0.848054
0 0.0227333 0.562553 0.0454666 0.087699 0.831662
0 0.318652 0.397737 0.0674914 0.0581924 0.828075
0 0.117943 0.385256 0.0655505 0.0474803 0.81068
0 0.532807 0.470522 0.0917511 0.055661 0.801509
0 0.217633 0.378784 0.0565108 0.045752 0.746591
0 0.517758 0.415655 0.0740539 0.0529017 0.745644
0 0.994794 0.477741 0.0104118 0.068363 0.343856
