0 0.310592 0.832013 0.195231 0.181569 0.91955
0 0.0983084 0.753453 0.156941 0.131849 0.918781
0 0.902979 0.897965 0.191225 0.204071 0.914169
0 0.422359 0.374298 0.0789259 0.122966 0.902788
0 0.209664 0.593832 0.123875 0.100128 0.900462
0 0.0452021 0.516431 0.0904043 0.0849728 0.895291
0 0.83616 0.521879 0.101346 0.104924 0.891481
0 0.56314 0.626487 0.123716 0.110423 0.890452
0 0.191042 0.390129 0.0734225 0.0609758 0.887389
0 0.262935 0.498291 0.105423 0.0936317 0.88601
0 0.367084 0.668169 0.129589 0.113316 0.885709
0 0.324836 0.39684 0.073776 0.0654686 0.882185
0 0.733296 0.57861 0.117328 0.133688 0.879738
0 0.748422 0.422471 0.0714958 0.0790969 0.877396
0 0.597522 0.74508 0.143556 0.130889 0.868563
0 0.672922 0.447184 0.0895124 0.0916796 0.864238
0 0.396311 0.495396 0.0936571 0.0794177 0.854343
0 0.24362 0.34327 0.0615799 0.0439621 0.84785
0 0.614595 0.325055 0.056775 0.0634697 0.841701
0 0.407844 0.443784 0.0841332 0.0700264 0.778306
0 0.667775 0.296843 0.0476925 0.0513512 0.773035
0 0.53012 0.390477 0.0638821 0.0556371 0.708763
0 0.587872 0.262128 0.045618 0.0428179 0.604204
0 0.635176 0.244867 0.0448009 0.0454522 0.526137
0 0.35008 0.347019 0.0630291 0.0508752 0.50678
0 0.901335 0.895688 0.19733 0.205045 0.9285
0 0.0467916 0.518 0.0935832 0.0887167 0.920885
0 0.369056 0.668115 0.138826 0.126662 0.913288
0 0.309215 0.829736 0.202891 0.179649 0.912031
0 0.599105 0.746835 0.151913 0.138636 0.90128
0 0.839085 0.520949 0.102531 0.10778 0.896212
0 0.0973884 0.75339 0.167062 0.145995 0.893661
0 0.396459 0.495634 0.0988632 0.0840467 0.890908
0 0.734468 0.577772 0.12893 0.137741 0.888246
0 0.750731 0.425739 0.0723316 0.0790249 0.886054
0 0.262596 0.49998 0.10839 0.101417 0.879847
0 0.208126 0.59497 0.132382 0.105174 0.869019
0 0.614877 0.328265 0.0598331 0.0665167 0.859759
0 0.192132 0.388872 0.072557 0.0631662 0.856437
0 0.564106 0.628363 0.13766 0.1108 0.852041
0 0.531353 0.391286 0.0757515 0.0602375 0.849592
0 0.674881 0.449514 0.0956109 0.0996649 0.845584
0 0.328396 0.399482 0.0809498 0.0648473 0.845099
0 0.668401 0.297424 0.0504765 0.0528152 0.820882
0 0.422424 0.370689 0.0797082 0.143268 0.800526
0 0.814183 0.305301 0.0468954 0.0514398 0.66349
0 0.529506 0.506413 0.103203 0.0902318 0.588148
0 0.587603 0.263802 0.0413294 0.0439162 0.391827
