0 0.741592 0.44301 0.0817217 0.0828992 0.917594
0 0.288128 0.853183 0.196847 0.196111 0.91708
0 0.664243 0.499798 0.091563 0.0814916 0.916107
0 0.541294 0.525776 0.111125 0.140342 0.915082
0 0.774111 0.665595 0.144441 0.152922 0.8954
0 0.0473338 0.50529 0.0946676 0.0897381 0.888168
0 0.231593 0.586465 0.116899 0.102161 0.879952
0 0.582873 0.320385 0.050915 0.0501966 0.875322
0 0.398926 0.454286 0.089443 0.0809348 0.873939
0 0.829492 0.551603 0.106604 0.0978386 0.87208
0 0.33992 0.643973 0.13851 0.116958 0.865348
0 0.381555 0.525737 0.0939621 0.0811903 0.846807
0 0.298084 0.443647 0.0763906 0.0676592 0.831978
0 0.618597 0.428061 0.0685473 0.0655092 0.826277
0 0.628181 0.956368 0.239899 0.0872636 0.825709
0 0.230801 0.363232 0.0631206 0.0463144 0.822393
0 0.121385 0.440774 0.0925936 0.0810328 0.809022
0 0.416796 0.414579 0.0667173 0.0595163 0.771505
0 0.322784 0.392115 0.0805603 0.0627947 0.762819
0 0.629686 0.268036 0.0457392 0.0388387 0.738294
0 0.931048 0.395849 0.0650192 0.0670831 0.659784
0 0.361079 0.298102 0.0525855 0.0468568 0.600912
0 0.536733 0.622935 0.12382 0.103519 0.541205
0 0.437632 0.377987 0.057791 0.0532133 0.446773
0 0.433791 0.283342 0.0558189 0.0814339 0.403516
0 0.50804 0.276387 0.0479343 0.0526409 0.402301
0 0.534256 0.45871 0.0762556 0.0818478 0.358956
0 0.271391 0.316918 0.0481167 0.0384559 0.277991
0 0.774604 0.667883 0.151192 0.153269 0.926031
0 0.543501 0.529751 0.118419 0.136539 0.906354
0 0.665184 0.497993 0.0843113 0.0796228 0.905771
0 0.288341 0.861013 0.190188 0.214898 0.894769
0 0.0475503 0.505037 0.0950931 0.0836697 0.887758
0 0.830627 0.550032 0.104947 0.100638 0.884444
0 0.339527 0.644753 0.130058 0.11488 0.878536
0 0.227509 0.588114 0.107181 0.0970483 0.877087
0 0.741248 0.441715 0.0797892 0.0796728 0.87664
0 0.629294 0.953233 0.235754 0.0935339 0.87457
0 0.402871 0.45331 0.0967114 0.0741688 0.873523
0 0.539648 0.62576 0.117727 0.100369 0.873345
0 0.381566 0.527216 0.0900965 0.0793001 0.865141
0 0.119535 0.440388 0.0895774 0.0738224 0.839349
0 0.300393 0.445447 0.0788953 0.0661921 0.830765
0 0.929509 0.395853 0.0725163 0.0714816 0.712302
0 0.623448 0.429041 0.0736408 0.0600506 0.304312
0 0.319857 0.393632 0.0735345 0.0499484 0.278341
