0 0.0752055 0.83781 0.150411 0.159809 0.913888
0 0.620226 0.887807 0.196877 0.175142 0.908574
0 0.692465 0.514335 0.0960849 0.0854788 0.907014
0 0.402461 0.449586 0.108903 0.16075 0.903252
0 0.384478 0.558392 0.114004 0.0970654 0.90085
0 0.166914 0.656251 0.160098 0.13935 0.900362
0 0.737155 0.389984 0.0732179 0.0706327 0.898196
0 0.638105 0.403452 0.0774422 0.0805361 0.897462
0 0.359883 0.672364 0.134125 0.121351 0.896532
0 0.193418 0.391931 0.0726608 0.0568932 0.889017
0 0.887909 0.601639 0.128111 0.116558 0.886804
0 0.107433 0.454322 0.0957954 0.0847523 0.879983
0 0.544725 0.477319 0.0828969 0.0754731 0.879517
0 0.288125 0.471955 0.10198 0.0861149 0.872372
0 0.689102 0.327114 0.0579914 0.0578283 0.864751
0 0.619884 0.331347 0.0639379 0.0613317 0.85387
0 0.247719 0.979708 0.247668 0.0405849 0.530067
0 0.322983 0.979602 0.0804512 0.0407057 0.259375
0 0.622892 0.88684 0.188896 0.176724 0.904175
0 0.404133 0.44804 0.101874 0.15827 0.903007
0 0.163845 0.65476 0.157353 0.141204 0.902559
0 0.385529 0.559479 0.11242 0.0955538 0.899754
0 0.0744013 0.832721 0.148803 0.162527 0.897738
0 0.286657 0.474099 0.0986887 0.0828442 0.897008
0 0.359029 0.670201 0.133889 0.121493 0.892552
0 0.888007 0.60199 0.130996 0.115932 0.888199
0 0.640877 0.403503 0.0782978 0.0744911 0.881061
0 0.544123 0.477873 0.0902826 0.0770605 0.877932
0 0.693349 0.512175 0.0961226 0.0854419 0.870267
0 0.73643 0.389241 0.0722651 0.0714912 0.868993
0 0.108023 0.454935 0.0917669 0.0807579 0.865136
0 0.194044 0.390455 0.0719063 0.0567033 0.846031
0 0.241456 0.976074 0.235658 0.0477394 0.80431
0 0.690222 0.328395 0.0587621 0.0583642 0.800595
0 0.620471 0.330905 0.062797 0.0603205 0.79674
0 0.550643 0.617799 0.116773 0.116286 0.58361
