0 0.616548 0.862027 0.222065 0.271388 0.926476
0 0.941266 0.905917 0.117468 0.187934 0.908513
0 0.269445 0.490664 0.0961858 0.0783966 0.900123
0 0.370291 0.618833 0.135161 0.126563 0.899486
0 0.203509 0.588868 0.118297 0.10025 0.899203
0 0.95895 0.7153 0.0821002 0.158731 0.89248
0 0.761161 0.630438 0.133117 0.153658 0.890855
0 0.395946 0.521649 0.0978473 0.080512 0.882047
0 0.599962 0.326352 0.0556274 0.0503557 0.881016
0 0.83399 0.534017 0.10123 0.104124 0.880811
0 0.232431 0.3564 0.0633925 0.0477981 0.88054
0 0.297044 0.808983 0.17429 0.146464 0.879422
0 0.64199 0.406383 0.0742782 0.0818083 0.878664
0 0.303814 0.428961 0.0875181 0.0778589 0.876383
0 0.545657 0.522297 0.0995628 0.0839429 0.864832
0 0.341584 0.353108 0.0652838 0.0566787 0.8634
0 0.415382 0.426756 0.076609 0.0647389 0.862579
0 0.700967 0.366928 0.0691486 0.0638224 0.860549
0 0.136136 0.436326 0.0857883 0.0655316 0.858843
0 0.424661 0.340033 0.0767654 0.116033 0.85187
0 0.6561 0.293312 0.0510183 0.0544334 0.805631
0 0.0295073 0.434789 0.0584621 0.0724092 0.540592
0 0.273761 0.316465 0.0483001 0.038586 0.449213
0 0.562147 0.587576 0.11289 0.098303 0.354873
0 0.583964 0.279709 0.0522428 0.0394704 0.334137
0 0.762849 0.627096 0.138301 0.158401 0.917316
0 0.370834 0.616264 0.133808 0.118916 0.903351
0 0.941842 0.908236 0.116317 0.183397 0.897426
0 0.958384 0.713734 0.0832319 0.157921 0.896526
0 0.202488 0.589128 0.117628 0.103318 0.892797
0 0.296465 0.80735 0.174603 0.15183 0.886474
0 0.61869 0.87048 0.214199 0.259041 0.88526
0 0.413078 0.42837 0.0804776 0.0673387 0.88398
0 0.39808 0.522914 0.102902 0.0850946 0.881612
0 0.270735 0.491549 0.103916 0.0792109 0.875457
0 0.836088 0.536909 0.103856 0.104986 0.874341
0 0.702995 0.366339 0.066634 0.064967 0.862923
0 0.545962 0.524125 0.107921 0.0869963 0.853647
0 0.137361 0.435569 0.0804917 0.0618261 0.841836
0 0.563522 0.588831 0.112322 0.0976799 0.822917
0 0.643283 0.40701 0.0800188 0.0799943 0.8088
0 0.849174 0.332983 0.0601429 0.0554743 0.798082
0 0.494708 0.450207 0.0845967 0.0709819 0.708689
0 0.303848 0.432053 0.0880525 0.0777444 0.645547
0 0.345816 0.355268 0.0721156 0.0567163 0.637591
0 0.231761 0.355102 0.0571112 0.0471031 0.506023
0 0.427577 0.33658 0.0734947 0.119329 0.427608
0 0.524518 0.340721 0.0581139 0.0478061 0.426547
0 0.600824 0.32546 0.0517622 0.050483 0.419137
