0 0.870064 0.704162 0.142476 0.119599 0.919299
0 0.668967 0.766856 0.179046 0.161806 0.917225
0 0.7716 0.565276 0.11696 0.0948483 0.902286
0 0.225284 0.638986 0.135313 0.15631 0.897324
0 0.671608 0.386409 0.0726828 0.0624312 0.890524
0 0.44308 0.599625 0.116569 0.11101 0.889511
0 0.929206 0.494829 0.0968615 0.0812473 0.888146
0 0.725204 0.480297 0.101824 0.086005 0.884668
0 0.796828 0.38177 0.0700029 0.0558733 0.883247
0 0.62253 0.623901 0.11764 0.101652 0.88204
0 0.235715 0.446054 0.077505 0.0844086 0.880633
0 0.134453 0.562571 0.115893 0.111247 0.879573
0 0.572486 0.362391 0.0751455 0.118819 0.878948
0 0.310821 0.482834 0.0975323 0.102494 0.875365
0 0.598254 0.473584 0.0896294 0.0753023 0.872831
0 0.380015 0.344693 0.0602827 0.0684504 0.849651
0 0.414256 0.696312 0.136329 0.122226 0.830075
0 0.32491 0.315291 0.0538865 0.0555857 0.737302
0 0.587409 0.430251 0.0869697 0.0678882 0.73096
0 0.748838 0.339387 0.0594821 0.0427636 0.708471
0 0.644644 0.339963 0.064567 0.049996 0.698422
0 0.409664 0.275598 0.0493166 0.044324 0.493998
0 0.471574 0.376598 0.0644073 0.05683 0.419902
0 0.598825 0.477134 0.093399 0.0832396 0.941577
0 0.929045 0.494514 0.106007 0.0853002 0.91354
0 0.22711 0.639352 0.145624 0.158731 0.904751
0 0.669286 0.764323 0.182017 0.160347 0.902196
0 0.867948 0.704778 0.145647 0.135547 0.900005
0 0.414076 0.699445 0.142416 0.12747 0.897378
0 0.130429 0.559037 0.110995 0.117265 0.892432
0 0.622224 0.624183 0.13072 0.112906 0.891434
0 0.771844 0.566286 0.12274 0.104769 0.889918
0 0.442872 0.597324 0.127941 0.102665 0.885291
0 0.311665 0.480096 0.101581 0.112622 0.880196
0 0.37876 0.346838 0.0624844 0.0704995 0.876781
0 0.231785 0.448762 0.0774507 0.0856852 0.87366
0 0.724502 0.482095 0.111342 0.0934582 0.868054
0 0.79618 0.379106 0.0692015 0.060241 0.865776
0 0.475791 0.492879 0.100501 0.0864934 0.849828
0 0.66669 0.387612 0.0797607 0.0655783 0.831791
0 0.324403 0.31612 0.0548536 0.0560534 0.830432
0 0.46948 0.378584 0.0712791 0.0584101 0.825415
0 0.176054 0.311744 0.060238 0.0536429 0.815226
0 0.57512 0.361961 0.0800596 0.136368 0.810611
0 0.0442382 0.981273 0.087805 0.0373177 0.564697
0 0.408881 0.275668 0.0467665 0.0465105 0.545668
0 0.824681 0.987118 0.211724 0.0257649 0.543403
0 0.826751 0.989387 0.182584 0.0205994 0.256845
