0 0.273018 0.900916 0.192295 0.167169 0.91128
0 0.822752 0.789877 0.163774 0.161857 0.90758
0 0.879435 0.636747 0.129343 0.1409 0.907551
0 0.601563 0.786796 0.162432 0.166389 0.899256
0 0.0587543 0.825904 0.116831 0.150588 0.887377
0 0.637965 0.940468 0.224608 0.119063 0.878437
0 0.380824 0.515501 0.100302 0.0835251 0.865515
0 0.626572 0.434794 0.0710424 0.069665 0.860149
0 0.301806 0.764981 0.155301 0.120705 0.859533
0 0.151578 0.429257 0.0806586 0.0657763 0.851243
0 0.287601 0.468332 0.0850252 0.0721828 0.848862
0 0.660151 0.331219 0.0557343 0.0524387 0.841681
0 0.707035 0.610162 0.112171 0.117593 0.839506
0 0.411351 0.397766 0.0744249 0.0637508 0.822967
0 0.971948 0.440451 0.0557261 0.0759747 0.818235
0 0.400664 0.44488 0.0774291 0.0714952 0.754963
0 0.351961 0.629927 0.132955 0.128621 0.74792
0 0.54726 0.618846 0.120434 0.101886 0.74518
0 0.817201 0.53481 0.0367947 0.084867 0.633964
0 0.204666 0.385978 0.0837995 0.0641681 0.533055
0 0.437284 0.258137 0.050486 0.0752137 0.429541
0 0.426995 0.37587 0.0544678 0.0627692 0.259065
0 0.271953 0.900218 0.191851 0.169606 0.929962
0 0.823033 0.786824 0.164466 0.166449 0.904594
0 0.0599543 0.825839 0.119241 0.161166 0.903137
0 0.881226 0.632946 0.133048 0.143256 0.900148
0 0.382263 0.514409 0.0986124 0.0735558 0.897036
0 0.602553 0.783703 0.163956 0.168114 0.892932
0 0.286669 0.468622 0.0819831 0.0668238 0.885825
0 0.353069 0.630942 0.127399 0.128875 0.884982
0 0.301576 0.76694 0.157557 0.127465 0.872682
0 0.152598 0.428063 0.0735437 0.0585197 0.861439
0 0.710765 0.612781 0.11498 0.104972 0.842289
0 0.404087 0.443864 0.0759875 0.0602526 0.841753
0 0.629137 0.435263 0.0705866 0.0661247 0.832299
0 0.972227 0.439834 0.0555456 0.0787567 0.825509
0 0.0305223 0.445501 0.0604687 0.0603508 0.8203
0 0.642329 0.941121 0.226502 0.117275 0.808507
0 0.522911 0.491488 0.0902552 0.0635681 0.779605
0 0.412377 0.396828 0.0815014 0.0579665 0.739774
0 0.200237 0.385294 0.069651 0.0563642 0.598964
0 0.5474 0.616288 0.121585 0.106274 0.490537
0 0.325036 0.389692 0.0643882 0.0530016 0.274548
