0 0.643738 0.908947 0.251629 0.182106 0.928536
0 0.294431 0.441285 0.0906399 0.0736637 0.908216
0 0.899212 0.809072 0.198704 0.230716 0.905692
0 0.359543 0.661884 0.144271 0.13671 0.901377
0 0.178066 0.621098 0.124058 0.107223 0.899881
0 0.267623 0.882423 0.187235 0.16383 0.899602
0 0.726988 0.56847 0.120429 0.134006 0.898018
0 0.936922 0.653575 0.125782 0.136495 0.897493
0 0.807628 0.502197 0.0908354 0.0958969 0.893698
0 0.633944 0.384328 0.0672222 0.0739225 0.888948
0 0.115841 0.453611 0.0915057 0.0700987 0.888203
0 0.42339 0.340604 0.0780113 0.110553 0.886148
0 0.337277 0.363456 0.0695727 0.0599106 0.884877
0 0.389147 0.554308 0.100555 0.0934709 0.882474
0 0.258128 0.512167 0.108883 0.0837341 0.875408
0 0.54771 0.544941 0.108369 0.0904907 0.85952
0 0.411119 0.440263 0.0814386 0.0669666 0.859478
0 0.594352 0.307938 0.0517192 0.0493647 0.853493
0 0.223608 0.363426 0.067995 0.0521986 0.843923
0 0.690624 0.348214 0.0584168 0.0586088 0.830108
0 0.0183447 0.44959 0.0364066 0.0753962 0.769161
0 0.649341 0.277997 0.050012 0.0529878 0.729641
0 0.417561 0.402358 0.0709725 0.0594219 0.722224
0 0.360088 0.318569 0.0596313 0.0436867 0.654038
0 0.570309 0.620051 0.11859 0.104638 0.639867
0 0.2659 0.32114 0.0514562 0.0421718 0.583375
0 0.579281 0.266965 0.0464546 0.0377704 0.28515
0 0.409893 0.441151 0.085134 0.0713024 0.924601
0 0.360804 0.656727 0.149811 0.131328 0.908943
0 0.178726 0.6217 0.126916 0.111408 0.898556
0 0.730631 0.569609 0.12327 0.138573 0.893622
0 0.268971 0.880532 0.187986 0.172425 0.890739
0 0.25752 0.512781 0.109146 0.088892 0.889618
0 0.899242 0.812467 0.201516 0.22855 0.889454
0 0.546401 0.546494 0.115948 0.0933773 0.883649
0 0.935408 0.650999 0.129179 0.134038 0.88261
0 0.645442 0.90746 0.243227 0.176546 0.879849
0 0.115854 0.453093 0.0874972 0.0686354 0.876993
0 0.569128 0.621517 0.12075 0.107645 0.871669
0 0.69271 0.348381 0.0606799 0.0590785 0.864468
0 0.506244 0.46121 0.0880312 0.0783687 0.864031
0 0.391806 0.551211 0.112859 0.0967875 0.862916
0 0.811938 0.503339 0.0897087 0.0988158 0.85455
0 0.635867 0.387469 0.07507 0.0765567 0.853259
0 0.295058 0.443837 0.095501 0.0809292 0.848067
0 0.223794 0.361701 0.0603674 0.0522127 0.797614
0 0.526309 0.352661 0.0661219 0.0518791 0.784446
0 0.0179191 0.450024 0.0357794 0.0699025 0.77199
0 0.595306 0.307533 0.0454687 0.0495433 0.741207
0 0.340467 0.365506 0.0728467 0.0571302 0.737736
0 0.838758 0.324037 0.0597191 0.0552566 0.628487
0 0.426037 0.34344 0.0774598 0.125483 0.622765
0 0.0238013 0.885348 0.0475796 0.19376 0.419352
