0 0.739353 0.512597 0.0975219 0.0855423 0.923755
0 0.739708 0.856294 0.188806 0.169963 0.914302
0 0.0740611 0.905354 0.148122 0.189293 0.913515
0 0.959411 0.513705 0.0811789 0.10293 0.898117
0 0.90122 0.797251 0.177031 0.147171 0.897455
0 0.43075 0.661756 0.161452 0.188058 0.896364
0 0.325486 0.484333 0.0965348 0.103316 0.892758
0 0.611278 0.526317 0.109752 0.0979256 0.887092
0 0.0619883 0.678805 0.123977 0.151513 0.8868
0 0.379817 0.391782 0.0700973 0.0626224 0.870122
0 0.812949 0.399799 0.0767689 0.0587658 0.862173
0 0.645811 0.648321 0.12306 0.112634 0.851406
0 0.259845 0.434366 0.0766822 0.0760903 0.841529
0 0.597862 0.462825 0.0899965 0.0772933 0.825511
0 0.422226 0.862166 0.194714 0.155833 0.803858
0 0.320513 0.348436 0.0663544 0.0655973 0.803084
0 0.698929 0.439868 0.0934556 0.0664454 0.802113
0 0.56838 0.312238 0.0610245 0.099425 0.793278
0 0.579136 0.388582 0.064885 0.0620656 0.783111
0 0.64962 0.325477 0.0611517 0.0525764 0.765935
0 0.464735 0.424162 0.0825401 0.160215 0.751614
0 0.407279 0.335358 0.055787 0.0517933 0.732204
0 0.482709 0.31167 0.0530096 0.0450894 0.705484
0 0.532521 0.418717 0.0664318 0.0603984 0.664222
0 0.46453 0.448241 0.0830723 0.112493 0.599396
0 0.432174 0.257267 0.0470091 0.0405384 0.55586
0 0.449966 0.514916 0.0951751 0.0829511 0.547362
0 0.825248 0.584278 0.0465591 0.094997 0.521013
0 0.932003 0.40342 0.0806448 0.0611018 0.512519
0 0.68289 0.394578 0.0857435 0.0690225 0.332515
0 0.0628409 0.676235 0.124235 0.147578 0.9131
0 0.424899 0.661859 0.147298 0.181188 0.90806
0 0.419243 0.865387 0.187424 0.165568 0.905939
0 0.736638 0.862718 0.194835 0.192636 0.898426
0 0.0782468 0.910321 0.156494 0.179066 0.895968
0 0.738874 0.511844 0.0974367 0.082556 0.895143
0 0.902743 0.790564 0.162912 0.134289 0.892435
0 0.611802 0.526461 0.111458 0.0949583 0.8903
0 0.957768 0.513194 0.0844643 0.104752 0.884537
0 0.32357 0.484006 0.0955037 0.0945184 0.873547
0 0.450622 0.517995 0.0964941 0.0745673 0.873142
0 0.810377 0.398865 0.0683998 0.0512198 0.860693
0 0.25666 0.433299 0.0772348 0.0724119 0.834042
0 0.591092 0.465256 0.0796303 0.0729192 0.781869
0 0.645922 0.648356 0.121985 0.105017 0.752437
0 0.7004 0.439986 0.0850031 0.0643632 0.629341
0 0.464087 0.467759 0.0885015 0.0707429 0.617743
