0 0.390085 0.469728 0.11318 0.166772 0.914626
0 0.850035 0.559975 0.117598 0.106627 0.903573
0 0.342295 0.726507 0.149492 0.13154 0.900684
0 0.673771 0.478959 0.0888928 0.0778458 0.900557
0 0.722158 0.369134 0.068125 0.0671758 0.897152
0 0.134663 0.701217 0.173158 0.153201 0.89391
0 0.626135 0.381805 0.0710952 0.0718221 0.893728
0 0.639991 0.943013 0.217795 0.113974 0.890999
0 0.37474 0.592976 0.118652 0.101682 0.890718
0 0.0862648 0.474083 0.10228 0.0874007 0.880154
0 0.276292 0.495966 0.106822 0.0898377 0.87908
0 0.0494372 0.912535 0.0988745 0.170332 0.8699
0 0.540963 0.502581 0.0903759 0.0833395 0.869161
0 0.176923 0.404673 0.0795628 0.0624713 0.85624
0 0.676636 0.312536 0.0550549 0.0550813 0.856224
0 0.610291 0.312886 0.0598164 0.0561964 0.839262
0 0.550856 0.652577 0.133755 0.114295 0.630097
0 0.979776 0.720567 0.0404486 0.163628 0.48738
0 0.133762 0.699816 0.166607 0.154188 0.921598
0 0.393013 0.469179 0.106797 0.164161 0.903633
0 0.0507193 0.908927 0.101439 0.178564 0.900082
0 0.373626 0.593578 0.117602 0.102536 0.894684
0 0.340202 0.728537 0.15059 0.134938 0.892606
0 0.72255 0.369115 0.0681784 0.0688796 0.884092
0 0.542553 0.503359 0.0931625 0.0826846 0.879897
0 0.64077 0.941436 0.213753 0.112568 0.877294
0 0.0843526 0.474088 0.0966306 0.0843885 0.876637
0 0.270661 0.496363 0.102299 0.0895691 0.875694
0 0.850479 0.560261 0.120317 0.109622 0.874092
0 0.178007 0.403358 0.0763164 0.0557714 0.853794
0 0.628159 0.384203 0.0749653 0.0646948 0.824172
0 0.67875 0.31472 0.0578197 0.0553923 0.81859
0 0.611272 0.314254 0.0574572 0.0533608 0.814023
0 0.676028 0.48041 0.0893505 0.0803658 0.802626
0 0.552406 0.652001 0.125575 0.120058 0.802284
0 0.9792 0.720168 0.0416001 0.141907 0.461005
0 0.532635 0.446981 0.0885903 0.0721544 0.269136
