0 0.412516 0.408637 0.0993339 0.142557 0.920611
0 0.317259 0.854056 0.186048 0.163315 0.918599
0 0.767473 0.432899 0.083021 0.0798074 0.916796
0 0.21575 0.367932 0.0682613 0.0495197 0.905965
0 0.6661 0.45377 0.0899372 0.0920045 0.901801
0 0.379501 0.58014 0.113418 0.104034 0.900251
0 0.132834 0.714414 0.163308 0.128148 0.899676
0 0.645179 0.937393 0.205244 0.125214 0.895284
0 0.949108 0.706654 0.101785 0.150541 0.888526
0 0.587282 0.748364 0.159447 0.141436 0.884286
0 0.39568 0.500766 0.0974595 0.0828349 0.882548
0 0.710482 0.360385 0.0638821 0.0647858 0.881395
0 0.213589 0.579291 0.152278 0.117118 0.880523
0 0.738237 0.615708 0.123956 0.113839 0.878261
0 0.539782 0.433966 0.0727077 0.0664619 0.870103
0 0.306886 0.435272 0.0892281 0.0780907 0.862349
0 0.638168 0.370799 0.0745643 0.0682066 0.861736
0 0.146299 0.420803 0.0884334 0.0702784 0.857945
0 0.0238151 0.945695 0.0470431 0.108371 0.855751
0 0.666574 0.454529 0.0915478 0.0903022 0.943024
0 0.410603 0.410647 0.094237 0.147458 0.925579
0 0.318324 0.852814 0.185248 0.171659 0.91767
0 0.131645 0.713459 0.159619 0.134008 0.915343
0 0.146772 0.420739 0.0842497 0.0725451 0.912543
0 0.64893 0.934738 0.211439 0.130524 0.909073
0 0.588805 0.746443 0.159391 0.144228 0.899218
0 0.308055 0.436839 0.0915605 0.074663 0.898757
0 0.2115 0.579285 0.136212 0.124417 0.896391
0 0.768441 0.430847 0.0839485 0.0785702 0.895918
0 0.379302 0.581808 0.113478 0.103204 0.885824
0 0.948083 0.705825 0.103835 0.142515 0.877896
0 0.395199 0.500082 0.103843 0.0823479 0.856612
0 0.710968 0.360785 0.0658854 0.0632049 0.849463
0 0.639228 0.371191 0.0766512 0.0668256 0.843604
0 0.739176 0.612082 0.123439 0.106819 0.836212
0 0.540585 0.435188 0.0815264 0.0668332 0.831925
0 0.215058 0.366399 0.0714352 0.0507289 0.819685
0 0.0255563 0.94372 0.0511125 0.112247 0.765191
0 0.545547 0.563259 0.109822 0.10133 0.466233
