0 0.284562 0.902064 0.216088 0.195871 0.921813
0 0.0718608 0.813384 0.143722 0.149313 0.913928
0 0.353307 0.718757 0.143197 0.128988 0.908478
0 0.833447 0.774437 0.170209 0.162516 0.906658
0 0.248901 0.522536 0.116412 0.0999293 0.905052
0 0.419426 0.383986 0.0822472 0.127194 0.904927
0 0.809476 0.487071 0.0959875 0.0918088 0.90081
0 0.704386 0.529378 0.105553 0.119637 0.89734
0 0.567699 0.659976 0.130597 0.118759 0.893339
0 0.185862 0.628534 0.136719 0.106009 0.890409
0 0.387435 0.516627 0.0987534 0.0884837 0.884531
0 0.317528 0.408765 0.0803401 0.0691192 0.877609
0 0.234102 0.349421 0.062441 0.0477416 0.870894
0 0.403599 0.459213 0.0860273 0.0720247 0.86833
0 0.0307068 0.546249 0.0614136 0.0932313 0.866475
0 0.659809 0.418776 0.0822138 0.0813397 0.863947
0 0.609134 0.802245 0.163468 0.145865 0.85998
0 0.177355 0.397416 0.0758925 0.0653441 0.852917
0 0.733597 0.400513 0.0683422 0.0725763 0.852777
0 0.609934 0.305343 0.0538076 0.0589633 0.793529
0 0.532245 0.404716 0.0670515 0.0593977 0.705519
0 0.34178 0.355244 0.0584809 0.0489429 0.671423
0 0.659987 0.280001 0.046708 0.0474534 0.61451
0 0.582868 0.24833 0.043053 0.0403515 0.421998
0 0.390421 0.520725 0.104623 0.0890976 0.9274
0 0.356065 0.716576 0.155555 0.138034 0.91464
0 0.0722651 0.812742 0.144453 0.156803 0.908794
0 0.283438 0.90127 0.220649 0.195895 0.907475
0 0.0310027 0.547729 0.0620053 0.0958961 0.896305
0 0.568711 0.660409 0.137328 0.121328 0.894796
0 0.610916 0.804278 0.168849 0.154308 0.89239
0 0.185972 0.628004 0.139529 0.115881 0.886888
0 0.245553 0.522491 0.119181 0.1045 0.885685
0 0.734614 0.402215 0.0696827 0.0743979 0.881612
0 0.70468 0.527435 0.109542 0.119981 0.880945
0 0.532661 0.405754 0.077685 0.063267 0.880908
0 0.811614 0.486197 0.0980561 0.0934408 0.87806
0 0.177106 0.395897 0.0718503 0.0651696 0.877921
0 0.831227 0.776354 0.170837 0.162041 0.868973
0 0.661 0.420474 0.0888132 0.0831808 0.857762
0 0.319654 0.410163 0.080516 0.0679067 0.852823
0 0.415 0.382636 0.0855425 0.139095 0.836658
0 0.407621 0.460468 0.0967411 0.0741749 0.808766
0 0.611087 0.308412 0.0566563 0.0598727 0.799974
0 0.660927 0.280727 0.0490044 0.0505759 0.773492
0 0.233367 0.350294 0.0532144 0.0465594 0.557947
0 0.537399 0.521946 0.108036 0.0925106 0.455001
