0 0.580561 0.713602 0.17024 0.208058 0.920567
0 0.659952 0.45381 0.0863657 0.0916447 0.920292
0 0.229219 0.921794 0.216325 0.155535 0.915006
0 0.869053 0.811189 0.1922 0.209932 0.913818
0 0.383008 0.552588 0.115704 0.10691 0.906503
0 0.244979 0.534992 0.10237 0.0915607 0.899888
0 0.899678 0.623547 0.12816 0.128332 0.895465
0 0.604313 0.939669 0.224695 0.120662 0.892417
0 0.0659748 0.886377 0.13195 0.167755 0.890885
0 0.61147 0.367996 0.0644442 0.0576612 0.881955
0 0.34254 0.694673 0.13535 0.118168 0.865675
0 0.314918 0.40562 0.0822985 0.0727871 0.856217
0 0.172159 0.410746 0.0791827 0.0612494 0.854349
0 0.669703 0.328555 0.0594912 0.0608174 0.854079
0 0.0268758 0.539611 0.0533195 0.11199 0.850013
0 0.726328 0.409563 0.0708138 0.0701143 0.842196
0 0.346592 0.334091 0.0653028 0.0548694 0.831175
0 0.291287 0.453081 0.0911519 0.0676516 0.827073
0 0.402383 0.477988 0.0910494 0.0792442 0.813623
0 0.537813 0.481813 0.0900423 0.0744274 0.800828
0 0.0516008 0.412166 0.0831605 0.063161 0.778817
0 0.153132 0.614935 0.049621 0.102096 0.773558
0 0.420651 0.399533 0.0713301 0.0578969 0.733895
0 0.245193 0.342658 0.0583142 0.0466386 0.707649
0 0.476519 0.429351 0.0748636 0.0636081 0.658516
0 0.429241 0.325192 0.0661186 0.115134 0.612706
0 0.588569 0.315131 0.0519449 0.0457467 0.506304
0 0.0115864 0.459755 0.0231679 0.0637735 0.366037
0 0.554016 0.537541 0.0995141 0.0885002 0.316859
0 0.518929 0.319537 0.0517355 0.0452011 0.313545
0 0.586933 0.713869 0.162702 0.204507 0.928656
0 0.662078 0.454642 0.0886988 0.0876136 0.920044
0 0.229176 0.919359 0.214805 0.160814 0.912089
0 0.384978 0.550813 0.116895 0.100758 0.899223
0 0.0272367 0.538404 0.0544733 0.114182 0.892222
0 0.610631 0.938241 0.217855 0.12262 0.885999
0 0.0620449 0.881076 0.122996 0.166175 0.884019
0 0.868897 0.80582 0.194241 0.210493 0.88307
0 0.727671 0.408729 0.0716003 0.0702427 0.879573
0 0.901246 0.624479 0.129317 0.12516 0.879561
0 0.245425 0.534349 0.102399 0.0873939 0.876283
0 0.341844 0.69425 0.133675 0.119876 0.872047
0 0.553713 0.537841 0.0967053 0.0829353 0.862296
0 0.406897 0.481136 0.0910633 0.077584 0.849267
0 0.291831 0.454807 0.0905539 0.0666741 0.834175
0 0.1725 0.408917 0.0713004 0.0545222 0.818665
0 0.539371 0.483324 0.0920624 0.0755599 0.796742
