0 0.703563 0.580655 0.11185 0.101307 0.90921
0 0.882529 0.830356 0.204064 0.20896 0.907573
0 0.224726 0.925715 0.199862 0.14857 0.902194
0 0.902026 0.641359 0.126278 0.122416 0.891215
0 0.786608 0.501789 0.0969078 0.0976557 0.887602
0 0.595762 0.361049 0.0599802 0.0607849 0.880036
0 0.566287 0.788355 0.170218 0.148503 0.875824
0 0.31863 0.741899 0.169293 0.163376 0.872861
0 0.402653 0.429565 0.0819152 0.0732489 0.859436
0 0.256102 0.527821 0.104251 0.0854381 0.844675
0 0.359952 0.580209 0.118057 0.0989971 0.844597
0 0.535794 0.484916 0.0994357 0.112258 0.839953
0 0.645853 0.483698 0.085058 0.0789474 0.830756
0 0.388789 0.485354 0.0840459 0.077764 0.829005
0 0.951868 0.414852 0.0782703 0.0689539 0.801306
0 0.638957 0.288286 0.0470526 0.0428687 0.773852
0 0.305353 0.416708 0.0653893 0.0628886 0.770086
0 0.153693 0.416387 0.093018 0.0712239 0.767262
0 0.0919181 0.470167 0.094522 0.0758673 0.741015
0 0.418141 0.394018 0.0667274 0.057857 0.582561
0 0.434028 0.270993 0.0552732 0.0814231 0.437796
0 0.365733 0.286036 0.0529241 0.044292 0.275663
