0 0.249132 0.942881 0.200646 0.114239 0.920724
0 0.618478 0.88092 0.195048 0.200275 0.909202
0 0.770332 0.703748 0.141002 0.13578 0.894505
0 0.841365 0.583424 0.114648 0.128734 0.892534
0 0.282935 0.817811 0.172939 0.143662 0.87958
0 0.969896 0.770152 0.0602089 0.164974 0.875318
0 0.277436 0.485717 0.0916734 0.074892 0.873305
0 0.61585 0.409745 0.0655848 0.0659295 0.873221
0 0.37651 0.534224 0.106863 0.087365 0.870959
0 0.683423 0.560575 0.102408 0.0987242 0.868973
0 0.345345 0.661743 0.141259 0.142005 0.859752
0 0.652532 0.315447 0.0508015 0.0505149 0.842842
0 0.967398 0.433545 0.0652043 0.0742055 0.82415
0 0.0337692 0.913501 0.0673701 0.172838 0.822456
0 0.550272 0.66502 0.133695 0.11794 0.821449
0 0.397427 0.457671 0.077805 0.0705671 0.816698
0 0.186118 0.395367 0.0777865 0.0666721 0.81562
0 0.40887 0.409508 0.0778064 0.0653051 0.795884
0 0.134629 0.442392 0.0883163 0.0691006 0.793788
0 0.532385 0.441338 0.0863684 0.099256 0.7129
0 0.0201203 0.463174 0.0400834 0.067011 0.700668
0 0.319561 0.394264 0.0646248 0.057729 0.639748
0 0.504346 0.256424 0.0423708 0.0478032 0.549943
0 0.43639 0.264162 0.0488949 0.0725632 0.321962
0 0.78951 0.499627 0.0347361 0.0806547 0.272776
0 0.423939 0.38131 0.0595366 0.0586996 0.266986
0 0.623314 0.880194 0.194926 0.197324 0.925334
0 0.280711 0.817741 0.169376 0.142608 0.909721
0 0.249439 0.94234 0.204325 0.114742 0.892641
0 0.843615 0.581485 0.119478 0.12841 0.885474
0 0.344485 0.664552 0.135857 0.141332 0.885455
0 0.969142 0.76905 0.0617168 0.156574 0.876404
0 0.771535 0.702443 0.135932 0.13383 0.873766
0 0.278708 0.484817 0.0847619 0.0717484 0.869143
0 0.377212 0.536261 0.102821 0.0830692 0.859252
0 0.685288 0.562138 0.105696 0.0986704 0.855405
0 0.967033 0.433453 0.0654406 0.0730936 0.841414
0 0.398377 0.457358 0.0724362 0.0634163 0.839613
0 0.136546 0.441714 0.0767114 0.0608371 0.839193
0 0.0326131 0.912556 0.0652263 0.17362 0.837397
0 0.52499 0.510956 0.0929482 0.0703898 0.830843
0 0.617311 0.409315 0.0627659 0.0637077 0.829775
0 0.189106 0.395162 0.0764382 0.058046 0.780183
0 0.552611 0.661077 0.135091 0.120016 0.685389
0 0.411641 0.408608 0.0775826 0.0589274 0.634739
0 0.0185195 0.462695 0.036892 0.0609694 0.577363
0 0.317957 0.397468 0.0614499 0.0551191 0.457771
0 0.536177 0.44777 0.0832516 0.0857302 0.286967
