0 0.116047 0.829693 0.20405 0.211059 0.920357
0 0.295062 0.580861 0.110936 0.101574 0.914879
0 0.402286 0.361344 0.0601986 0.0613526 0.910857
0 0.212883 0.502979 0.101036 0.100675 0.905461
0 0.639705 0.579983 0.116065 0.0984362 0.888236
0 0.77497 0.926574 0.192072 0.146852 0.88738
0 0.0970252 0.641267 0.129309 0.123922 0.878428
0 0.43274 0.788611 0.168469 0.147442 0.876361
0 0.598918 0.42904 0.0860359 0.0751562 0.872108
0 0.744476 0.526825 0.103234 0.0840097 0.869817
0 0.680914 0.741299 0.157283 0.162479 0.867486
0 0.048737 0.414636 0.0780949 0.0694403 0.86576
0 0.694374 0.416302 0.0667021 0.0646765 0.864597
0 0.353092 0.483187 0.0896072 0.0788355 0.842857
0 0.46361 0.486779 0.101391 0.111747 0.83312
0 0.610708 0.485091 0.087568 0.0772818 0.813338
0 0.361021 0.288718 0.0502063 0.0446376 0.802075
0 0.908227 0.469776 0.0954342 0.0784868 0.782743
0 0.851069 0.415392 0.091078 0.0714239 0.666309
0 0.634519 0.286034 0.0516222 0.045819 0.287008
0 0.773669 0.923571 0.205918 0.151916 0.917563
0 0.68079 0.746253 0.16053 0.170346 0.9148
0 0.430157 0.787196 0.165274 0.15814 0.900406
0 0.118214 0.831975 0.207961 0.212935 0.899416
0 0.0469162 0.415115 0.0786134 0.0747006 0.897452
0 0.740361 0.526257 0.0939392 0.0803348 0.888023
0 0.0946756 0.638966 0.127292 0.125728 0.876722
0 0.295267 0.578052 0.107776 0.099926 0.87591
0 0.90656 0.468629 0.0803534 0.0678381 0.873933
0 0.211962 0.4993 0.0965817 0.0999602 0.867411
0 0.640649 0.582601 0.113482 0.0945519 0.85879
0 0.460322 0.484195 0.0939108 0.104397 0.858314
0 0.610659 0.485747 0.0790113 0.0722903 0.857764
0 0.593638 0.429595 0.0846561 0.0669677 0.854679
0 0.472586 0.559488 0.0983885 0.0772327 0.841162
0 0.352064 0.483702 0.0870945 0.0723871 0.818763
0 0.84377 0.412343 0.0856684 0.0653561 0.818223
0 0.693984 0.420201 0.0668314 0.0611792 0.737686
