0 0.725851 0.900317 0.188214 0.170234 0.911741
0 0.177668 0.790835 0.163467 0.165317 0.911228
0 0.118824 0.637769 0.132527 0.141402 0.906239
0 0.399254 0.785183 0.167172 0.167963 0.900571
0 0.940591 0.82419 0.118679 0.154976 0.890954
0 0.84888 0.429822 0.0767895 0.0681178 0.877335
0 0.374397 0.435118 0.0741476 0.0711846 0.869884
0 0.357279 0.94123 0.22324 0.117539 0.862757
0 0.619387 0.515305 0.0996515 0.081768 0.862311
0 0.713544 0.467114 0.0842003 0.0731445 0.860676
0 0.699916 0.766614 0.14959 0.125957 0.855778
0 0.0273166 0.44139 0.0546332 0.0791632 0.831248
0 0.339428 0.33087 0.0588556 0.0541479 0.830415
0 0.291505 0.608902 0.113612 0.118332 0.810896
0 0.589085 0.397915 0.0754842 0.0663947 0.804757
0 0.676497 0.386408 0.0652252 0.055595 0.766103
0 0.969271 0.440208 0.0606615 0.0793154 0.760673
0 0.800832 0.385847 0.0756279 0.0635607 0.752442
0 0.646434 0.628383 0.129677 0.129901 0.74686
0 0.596045 0.442151 0.0866318 0.0726671 0.679514
0 0.4534 0.618747 0.123622 0.100622 0.527224
0 0.181568 0.533203 0.0394578 0.0912736 0.315858
0 0.726338 0.901355 0.1931 0.171465 0.939534
0 0.178227 0.787556 0.166824 0.168157 0.911948
0 0.120155 0.632947 0.130872 0.144776 0.902734
0 0.617109 0.515312 0.101272 0.0730992 0.898205
0 0.646525 0.632085 0.128899 0.132413 0.894108
0 0.399364 0.783087 0.168795 0.170788 0.892231
0 0.941955 0.825692 0.11609 0.158552 0.884705
0 0.711063 0.468675 0.0836802 0.0675997 0.87003
0 0.027815 0.441565 0.05563 0.0832339 0.867115
0 0.698637 0.765194 0.158307 0.124321 0.865346
0 0.290789 0.611184 0.119356 0.110986 0.846847
0 0.356579 0.940048 0.225628 0.119727 0.844981
0 0.598549 0.444398 0.0725198 0.0601849 0.838121
0 0.846816 0.427595 0.0746864 0.0578442 0.836406
0 0.371645 0.43471 0.0713505 0.0687782 0.835206
0 0.476092 0.49074 0.0879274 0.0650974 0.819158
0 0.339782 0.331637 0.0623774 0.0549743 0.697921
0 0.587068 0.397794 0.077064 0.0598069 0.697726
0 0.799137 0.384193 0.0693262 0.0554268 0.644249
0 0.453232 0.615569 0.124249 0.107241 0.538161
0 0.968993 0.447788 0.0620144 0.0583359 0.5238
