0 0.390152 0.503031 0.103528 0.0921875 0.902359
0 0.150518 0.726437 0.156276 0.131031 0.899295
0 0.0547844 0.489126 0.108111 0.0952959 0.897286
0 0.271477 0.492018 0.0901045 0.0792091 0.897041
0 0.288103 0.786563 0.17378 0.150779 0.896333
0 0.68977 0.519277 0.100876 0.11403 0.895124
0 0.562256 0.619802 0.136004 0.167361 0.892764
0 0.690987 0.368821 0.0665966 0.0689227 0.878614
0 0.961647 0.744088 0.0767054 0.170758 0.871624
0 0.627723 0.414671 0.0760097 0.0660175 0.867438
0 0.559197 0.777615 0.169337 0.136782 0.863053
0 0.757776 0.457495 0.0796324 0.0789733 0.858923
0 0.36392 0.609115 0.114359 0.102116 0.858476
0 0.199279 0.389195 0.0718384 0.0534283 0.849701
0 0.352438 0.317029 0.058878 0.0490691 0.826911
0 0.407268 0.44707 0.0820894 0.0693506 0.777555
0 0.304964 0.425846 0.0844172 0.0603189 0.766662
0 0.59567 0.35631 0.0596828 0.0547258 0.73419
0 0.457526 0.407971 0.067907 0.0578026 0.722498
0 0.547072 0.498418 0.0896427 0.0801224 0.621816
0 0.310919 0.41188 0.0987485 0.0875107 0.614033
0 0.323582 0.383639 0.0813734 0.0684357 0.602889
0 0.322976 0.370231 0.0803 0.0402066 0.518004
0 0.256566 0.327373 0.051489 0.0463112 0.510578
0 0.571525 0.269621 0.0449759 0.0408489 0.464863
0 0.0109557 0.581746 0.0219052 0.078614 0.427022
0 0.0848455 0.39405 0.0740942 0.0578252 0.38043
0 0.194114 0.554077 0.0413408 0.0928515 0.356795
0 0.320374 0.402644 0.0857425 0.104811 0.315625
