0 0.0951881 0.89775 0.190376 0.204501 0.932138
0 0.689314 0.832621 0.197849 0.184514 0.923907
0 0.902745 0.753849 0.158561 0.131969 0.91974
0 0.575981 0.375075 0.077816 0.123665 0.905259
0 0.67665 0.397439 0.0740017 0.0660178 0.905034
0 0.633261 0.667306 0.127618 0.111074 0.902448
0 0.790927 0.593328 0.125801 0.0988581 0.899331
0 0.438618 0.626931 0.126182 0.109429 0.894238
0 0.809423 0.389742 0.073196 0.0610668 0.89327
0 0.162813 0.520676 0.102232 0.104314 0.890807
0 0.737423 0.499355 0.103741 0.0913879 0.888689
0 0.954658 0.517523 0.0906833 0.085407 0.887176
0 0.265175 0.580793 0.119963 0.137485 0.874046
0 0.402693 0.745048 0.15037 0.132294 0.870321
0 0.326113 0.446053 0.0902491 0.0925324 0.86172
0 0.601726 0.495553 0.100183 0.0819874 0.858651
0 0.756472 0.344502 0.0609962 0.0439093 0.856689
0 0.25099 0.42262 0.0737644 0.0789474 0.847604
0 0.383291 0.324839 0.0611189 0.0654081 0.81965
0 0.588898 0.443709 0.0888466 0.0697947 0.814543
0 0.470244 0.389783 0.0679913 0.0576342 0.771519
0 0.650946 0.346577 0.0632643 0.0502892 0.75322
0 0.330919 0.297494 0.0505565 0.0556841 0.730378
0 0.41201 0.262681 0.0478028 0.0424808 0.498649
0 0.60429 0.495729 0.101478 0.0842178 0.937512
0 0.0983164 0.896231 0.196633 0.201997 0.920533
0 0.688869 0.828129 0.200587 0.176945 0.913247
0 0.631477 0.667809 0.14367 0.125088 0.909287
0 0.267838 0.577309 0.124451 0.138862 0.899335
0 0.403461 0.746561 0.154635 0.139753 0.898011
0 0.73863 0.499983 0.108685 0.100068 0.89445
0 0.901859 0.75498 0.166068 0.14535 0.890968
0 0.162448 0.520137 0.103994 0.111031 0.884155
0 0.672728 0.400169 0.0818539 0.0666313 0.875506
0 0.328507 0.448146 0.094414 0.0987204 0.874475
0 0.792083 0.594872 0.131246 0.106904 0.871376
0 0.438362 0.627848 0.1343 0.112508 0.870913
0 0.807388 0.387868 0.0733097 0.0634211 0.866576
0 0.250197 0.425864 0.075201 0.0789785 0.865089
0 0.953069 0.518286 0.093863 0.0927614 0.85319
0 0.384409 0.328695 0.0589228 0.065801 0.830175
0 0.468169 0.391507 0.074353 0.0606472 0.827675
0 0.332223 0.297957 0.0531862 0.0533345 0.813917
0 0.579761 0.371392 0.0854675 0.139135 0.785634
0 0.187569 0.304719 0.0505246 0.0493114 0.753075
0 0.469524 0.505627 0.101995 0.0911345 0.707685
0 0.759765 0.34407 0.0535608 0.0429304 0.373483
