0 0.261626 0.85672 0.193503 0.168586 0.914004
0 0.923769 0.906398 0.152462 0.18694 0.908062
0 0.673797 0.48455 0.0965357 0.100532 0.901293
0 0.260441 0.513605 0.0967482 0.085192 0.900154
0 0.102482 0.796088 0.185214 0.14764 0.899987
0 0.569295 0.66059 0.14956 0.186956 0.897549
0 0.386237 0.526489 0.107994 0.097439 0.894151
0 0.938102 0.678317 0.123744 0.149414 0.88597
0 0.617966 0.391826 0.0679977 0.0621053 0.884409
0 0.353605 0.648731 0.123663 0.112483 0.872722
0 0.0425393 0.513556 0.0846792 0.104213 0.869552
0 0.579296 0.861757 0.196328 0.157188 0.862791
0 0.187004 0.399031 0.0789706 0.0590121 0.851788
0 0.680467 0.348956 0.0638083 0.0632419 0.840176
0 0.29885 0.440029 0.093584 0.0657521 0.827054
0 0.740968 0.434173 0.0759049 0.073845 0.826638
0 0.404387 0.46503 0.0857212 0.0796385 0.772323
0 0.350331 0.325503 0.0585252 0.0513283 0.76128
0 0.428956 0.321109 0.0655723 0.11412 0.759897
0 0.465824 0.419537 0.0719532 0.0624887 0.730807
0 0.422656 0.387821 0.0690453 0.0567438 0.574069
0 0.591987 0.335641 0.0568674 0.0505116 0.507172
0 0.517753 0.311914 0.0511337 0.0457416 0.479866
0 0.0239087 0.445095 0.0477694 0.0626219 0.339367
0 0.320243 0.38842 0.0837469 0.0585887 0.256333
