0 0.309708 0.731985 0.159814 0.136538 0.901716
0 0.557691 0.586369 0.122203 0.157692 0.897183
0 0.706262 0.39182 0.0685395 0.0732352 0.893629
0 0.393381 0.482988 0.0982175 0.0945602 0.888676
0 0.639407 0.440846 0.0795707 0.0699361 0.886954
0 0.28174 0.472949 0.0872503 0.075539 0.884373
0 0.71237 0.561371 0.118085 0.126331 0.878477
0 0.778394 0.485872 0.0872749 0.08513 0.877259
0 0.185146 0.670614 0.139391 0.117546 0.877013
0 0.0780547 0.472374 0.102092 0.0871998 0.875852
0 0.371679 0.578724 0.106874 0.0939434 0.867262
0 0.211431 0.379877 0.0693341 0.0517646 0.842746
0 0.244579 0.945793 0.24615 0.108414 0.816363
0 0.312138 0.413569 0.0842009 0.0608576 0.807151
0 0.55036 0.715196 0.147753 0.125883 0.802142
0 0.0255657 0.552841 0.0511314 0.102207 0.769734
0 0.354583 0.310814 0.0582664 0.0488375 0.752257
0 0.601589 0.378216 0.0609127 0.0572838 0.69411
0 0.543742 0.495663 0.0846317 0.105806 0.664195
0 0.543569 0.479999 0.0869649 0.0722237 0.659591
0 0.411751 0.435231 0.075539 0.0609419 0.651161
0 0.574561 0.283193 0.0496286 0.0431245 0.631038
0 0.449277 0.397901 0.0714457 0.0563951 0.527028
0 0.990645 0.830273 0.0187092 0.166542 0.460186
0 0.431913 0.302101 0.0606857 0.100391 0.444281
0 0.32571 0.374014 0.0740963 0.060652 0.389394
0 0.0986959 0.38699 0.074746 0.062102 0.293376
0 0.513406 0.294104 0.0487573 0.0420217 0.280264
0 0.307649 0.731011 0.156988 0.142664 0.906502
0 0.181675 0.666668 0.128394 0.116708 0.905048
0 0.0778228 0.471072 0.100436 0.0869314 0.896833
0 0.78088 0.482685 0.0872116 0.0862296 0.893895
0 0.558861 0.582283 0.131014 0.146027 0.886005
0 0.714365 0.559168 0.118076 0.119172 0.882212
0 0.398611 0.48291 0.104366 0.0854788 0.878388
0 0.242894 0.944039 0.23064 0.111901 0.87524
0 0.552938 0.716183 0.143124 0.12654 0.87385
0 0.0251431 0.551813 0.0502862 0.0987719 0.865289
0 0.284457 0.473606 0.087643 0.0726062 0.863583
0 0.213114 0.377441 0.0578984 0.0462878 0.812125
0 0.37264 0.578643 0.104191 0.0903983 0.785507
0 0.542403 0.479052 0.0880056 0.0615067 0.78033
0 0.638218 0.438486 0.0665401 0.0648365 0.768534
0 0.311068 0.416563 0.0772954 0.0565885 0.723233
0 0.0116528 0.462864 0.0231582 0.0625065 0.612929
0 0.989793 0.820796 0.0200623 0.15166 0.522246
0 0.992829 0.812663 0.0139872 0.131354 0.41032
