0 0.390432 0.528489 0.103759 0.0894934 0.920598
0 0.408745 0.428087 0.105902 0.147301 0.920497
0 0.653345 0.426044 0.0883539 0.0847767 0.909131
0 0.0975836 0.769403 0.175213 0.139549 0.907098
0 0.19709 0.615431 0.149106 0.129689 0.907087
0 0.700408 0.343903 0.0605436 0.0636402 0.903778
0 0.286563 0.927883 0.211247 0.144234 0.903232
0 0.751849 0.410525 0.0756912 0.0751108 0.896936
0 0.606597 0.809138 0.176832 0.158309 0.892865
0 0.927012 0.649431 0.144668 0.134771 0.889665
0 0.372626 0.622036 0.122525 0.109911 0.888782
0 0.7131 0.558711 0.106566 0.0975676 0.885965
0 0.20722 0.379084 0.0714698 0.0537661 0.864547
0 0.629987 0.34995 0.0689939 0.0624084 0.863842
0 0.129698 0.436479 0.0950129 0.07494 0.861138
0 0.543595 0.453394 0.0787508 0.0701698 0.858158
0 0.301958 0.452544 0.102197 0.0821398 0.849233
