0 0.508282 0.653285 0.0331318 0.0515509 0.835949
0 0.547117 0.625469 0.0250654 0.0447323 0.822284
0 0.0621348 0.928077 0.123707 0.143188 0.650514
0 0.138099 0.978871 0.0973846 0.0421711 0.577634
0 0.482074 0.622918 0.0405943 0.0652565 0.466172
0 0.590238 0.61688 0.0216591 0.0281156 0.27731
0 0.509517 0.651448 0.0332509 0.0554178 0.82155
0 0.546781 0.625676 0.0276119 0.0500452 0.805157
0 0.590358 0.615939 0.0238234 0.0387662 0.69656
0 0.0654246 0.930458 0.12852 0.139084 0.680395
0 0.546256 0.761226 0.0213966 0.0307886 0.264738
