0 0.802102 0.407517 0.126241 0.110734 0.906275
0 0.305361 0.758525 0.185782 0.209982 0.898888
0 0.380936 0.256662 0.057035 0.0504786 0.88656
0 0.621057 0.162552 0.0619627 0.0587096 0.869547
0 0.712415 0.226034 0.0761826 0.0650906 0.868349
0 0.495862 0.24225 0.0610469 0.0538006 0.843267
0 0.400657 0.136749 0.038871 0.0518034 0.817141
0 0.979212 0.849078 0.0414673 0.183074 0.612907
0 0.676105 0.139458 0.0518166 0.0435154 0.557967
0 0.973066 0.45548 0.0538675 0.129624 0.286383
0 0.297316 0.760189 0.168137 0.205454 0.90683
0 0.800899 0.407675 0.126725 0.115023 0.875747
0 0.711671 0.225266 0.0767466 0.0581156 0.839307
0 0.380965 0.258366 0.060949 0.0590864 0.77753
0 0.617406 0.163824 0.0483276 0.0532341 0.757476
0 0.973815 0.454047 0.0523699 0.118075 0.740251
0 0.676848 0.139168 0.0425146 0.0390441 0.726856
0 0.492413 0.13755 0.0423685 0.0283743 0.633778
0 0.400652 0.139617 0.0362849 0.0513097 0.625981
0 0.497502 0.241458 0.0610062 0.0585664 0.542214
0 0.979637 0.842597 0.0405445 0.161654 0.496748
