0 0.653243 0.229725 0.0632576 0.053166 0.869404
0 0.401254 0.353126 0.0800844 0.0671 0.854987
0 0.726081 0.19846 0.0663126 0.0520574 0.838809
0 0.780587 0.311753 0.0880997 0.0667652 0.836393
0 0.459283 0.159288 0.0573995 0.0393067 0.779554
0 0.987242 0.832916 0.0255164 0.201941 0.528349
0 0.399371 0.349606 0.0760839 0.0690979 0.877648
0 0.773296 0.313514 0.0903566 0.0758799 0.842731
0 0.65583 0.230625 0.0434753 0.0479851 0.786288
0 0.725831 0.200015 0.0601118 0.0435216 0.755082
0 0.986765 0.814713 0.0263737 0.152486 0.621577
0 0.615843 0.157327 0.0376055 0.0318127 0.293492
