0 0.344931 0.227709 0.0657568 0.053299 0.881238
0 0.221059 0.312327 0.0930081 0.0688852 0.841309
0 0.599196 0.350518 0.079812 0.0673618 0.839962
0 0.272861 0.19831 0.0660533 0.0501998 0.836352
0 0.54223 0.1588 0.055698 0.0385207 0.823944
0 0.227172 0.311283 0.0924132 0.0767941 0.862263
0 0.600273 0.349749 0.0752748 0.0699158 0.851367
0 0.342699 0.230878 0.0432164 0.0476282 0.820855
0 0.274007 0.200118 0.0596725 0.0432095 0.732207
0 0.0139654 0.808239 0.0279308 0.139157 0.664014
0 0.384871 0.157173 0.0369468 0.0312666 0.630929
