0 0.24502 0.505912 0.138125 0.148884 0.89771
0 0.39563 0.198697 0.0754523 0.0902325 0.895968
0 0.503937 0.412722 0.157663 0.208608 0.879902
0 0.940888 0.352135 0.117323 0.0918708 0.870562
0 0.635731 0.161051 0.0600223 0.0492252 0.822738
0 0.245809 0.503238 0.128614 0.145767 0.916026
0 0.936057 0.350088 0.126982 0.0889681 0.850014
0 0.394387 0.198347 0.0735559 0.0955257 0.834499
0 0.504625 0.415186 0.159564 0.224859 0.814673
0 0.678229 0.135265 0.0430872 0.0323589 0.691877
0 0.598961 0.126896 0.0333084 0.0509216 0.419856
0 0.394263 0.218665 0.0709136 0.136889 0.295361
