0 0.706847 0.197673 0.0677958 0.054425 0.88876
0 0.830383 0.31099 0.110271 0.0835537 0.878154
0 0.509691 0.361918 0.0874212 0.0776117 0.864749
0 0.418075 0.183291 0.0525947 0.0452861 0.859826
0 0.609639 0.123183 0.0426928 0.0378081 0.620217
0 0.511672 0.360235 0.0853409 0.0833119 0.852274
0 0.825198 0.309201 0.107087 0.0877663 0.850706
0 0.707033 0.198488 0.0646324 0.0531774 0.803922
0 0.417968 0.185552 0.05223 0.0461699 0.784953
0 0.501517 0.168789 0.0482703 0.0374887 0.620358
0 0.609814 0.12411 0.0390661 0.0375864 0.45801
