0 0.205056 0.739228 0.184245 0.192813 0.903729
0 0.364972 0.227886 0.0585137 0.0718006 0.901889
0 0.492815 0.400812 0.0932261 0.091385 0.89208
0 0.74895 0.304918 0.0945008 0.075295 0.881503
0 0.669502 0.250941 0.061743 0.0562748 0.873197
0 0.644404 0.184773 0.0655349 0.0514547 0.871265
0 0.764647 0.209841 0.0689817 0.0578816 0.866855
0 0.504936 0.13141 0.0649855 0.0667956 0.865853
0 0.42492 0.123236 0.056144 0.0627779 0.840621
0 0.190298 0.739869 0.17514 0.184505 0.876677
0 0.36529 0.226857 0.0612917 0.0752172 0.869055
0 0.746072 0.304283 0.0953857 0.0800521 0.863303
0 0.492915 0.399074 0.100946 0.0979075 0.85008
0 0.668819 0.25291 0.0622608 0.0594116 0.836952
0 0.645996 0.18658 0.0588432 0.0466261 0.765412
0 0.763534 0.211613 0.0619539 0.0509878 0.633174
0 0.425222 0.123187 0.051814 0.0688437 0.515801
0 0.0078049 0.492694 0.0155638 0.0343235 0.305546
