0 0.634245 0.227655 0.0593317 0.0733746 0.904341
0 0.792331 0.739918 0.174341 0.201322 0.897969
0 0.251318 0.305248 0.0951284 0.0759141 0.897718
0 0.506213 0.401653 0.0937493 0.0930996 0.892661
0 0.492693 0.130935 0.0651097 0.0687686 0.874881
0 0.329815 0.250272 0.0607844 0.0593251 0.871463
0 0.353523 0.184925 0.068519 0.0504793 0.849999
0 0.233095 0.210564 0.0651475 0.0578911 0.839125
0 0.568937 0.124218 0.0647886 0.0676263 0.82644
0 0.635526 0.229572 0.0629313 0.0777792 0.878839
0 0.254316 0.303601 0.0931093 0.0783524 0.865199
0 0.507245 0.398885 0.0983067 0.0975172 0.862661
0 0.33133 0.252139 0.0619643 0.0586631 0.829614
0 0.809985 0.738376 0.173994 0.180555 0.826975
0 0.236861 0.211209 0.0616877 0.0504421 0.709608
0 0.353546 0.185342 0.0586398 0.0474693 0.540228
0 0.575322 0.123309 0.0518314 0.0721738 0.303576
