0 0.492804 0.635542 0.147361 0.159407 0.894814
0 0.956833 0.39475 0.0863333 0.0934055 0.876445
0 0.706033 0.283333 0.0711677 0.062095 0.873142
0 0.851462 0.534313 0.161552 0.148641 0.871755
0 0.347183 0.357097 0.0963229 0.0701658 0.849693
0 0.714412 0.199305 0.0712406 0.052739 0.818156
0 0.444124 0.18481 0.0438299 0.0372057 0.817024
0 0.6238 0.182301 0.0538564 0.0428885 0.748339
0 0.849848 0.533552 0.158556 0.146651 0.893429
0 0.490674 0.636186 0.134172 0.156564 0.881108
0 0.949596 0.393929 0.100809 0.0961257 0.866064
0 0.344546 0.354495 0.0893199 0.0775655 0.856647
0 0.7037 0.281834 0.0698902 0.0632366 0.813449
0 0.712692 0.200571 0.055348 0.0431904 0.770453
0 0.624336 0.183688 0.0503164 0.0391023 0.678849
0 0.442567 0.18786 0.0399935 0.0330981 0.496579
