0 0.828637 0.568349 0.102309 0.12395 0.897852
0 0.50675 0.629247 0.0686896 0.102269 0.891336
0 0.942227 0.768481 0.115352 0.19126 0.886262
0 0.35959 0.585382 0.055777 0.0924214 0.886015
0 0.605476 0.522802 0.0611082 0.0863826 0.885199
0 0.812112 0.765992 0.130241 0.16564 0.875004
0 0.682685 0.521308 0.0647665 0.0800379 0.835819
0 0.698482 0.470423 0.0571084 0.0607218 0.72736
0 0.536754 0.444005 0.0439155 0.0568249 0.504099
0 0.60244 0.520874 0.0540756 0.0887119 0.913776
0 0.506089 0.628764 0.0723682 0.106952 0.900278
0 0.683094 0.52277 0.0640909 0.079701 0.884697
0 0.939085 0.769466 0.121171 0.188931 0.879915
0 0.812356 0.761453 0.120698 0.16359 0.879344
0 0.833411 0.570442 0.0998241 0.121227 0.878007
0 0.359527 0.585213 0.0568999 0.0925991 0.848754
0 0.699757 0.471637 0.0556136 0.0617987 0.826493
0 0.536598 0.443397 0.0433577 0.0577438 0.789023
0 0.607255 0.463193 0.0439681 0.0532738 0.575562
