0 0.716085 0.486536 0.0659024 0.0813685 0.909631
0 0.542132 0.690944 0.11366 0.198736 0.89638
0 0.69334 0.624401 0.0821135 0.118932 0.895159
0 0.759068 0.584913 0.0826213 0.110857 0.883084
0 0.889493 0.688559 0.121724 0.157477 0.875546
0 0.543482 0.453298 0.0410729 0.0576649 0.855871
0 0.592274 0.444852 0.0380873 0.0471863 0.848516
0 0.600855 0.389027 0.0852676 0.109204 0.843837
0 0.660723 0.505883 0.0495859 0.0717836 0.837398
0 0.33353 0.426 0.0285223 0.0430664 0.816007
0 0.410281 0.363933 0.0212338 0.0281237 0.724794
0 0.499079 0.405412 0.026787 0.0385253 0.695914
0 0.980923 0.836829 0.0381546 0.169753 0.65461
0 0.551485 0.403081 0.0261581 0.0324338 0.650142
0 0.542116 0.364374 0.0252827 0.0333105 0.586288
0 0.959244 0.679874 0.0815111 0.181785 0.410695
0 0.399966 0.332053 0.0164563 0.0246208 0.389254
0 0.516047 0.376325 0.0235086 0.0317462 0.365753
0 0.977842 0.871205 0.0443151 0.23595 0.284582
0 0.540323 0.683809 0.110796 0.18331 0.920504
0 0.716916 0.484311 0.0652843 0.0850163 0.898696
0 0.88743 0.694367 0.129746 0.141839 0.890195
0 0.543973 0.452444 0.0434296 0.0629437 0.885065
0 0.694362 0.624095 0.0838706 0.115325 0.880242
0 0.759368 0.582951 0.0811976 0.109685 0.873747
0 0.654403 0.502567 0.0603252 0.0759899 0.869204
0 0.591789 0.443256 0.0389399 0.0523598 0.862222
0 0.333591 0.426501 0.0307371 0.0475214 0.835167
0 0.978342 0.831718 0.043317 0.150219 0.785822
0 0.959183 0.685763 0.0816338 0.166275 0.70108
0 0.96927 0.958541 0.0614595 0.0824619 0.675939
0 0.62134 0.406261 0.0445383 0.0804894 0.621326
0 0.551243 0.404099 0.0294456 0.0400513 0.536667
0 0.493601 0.40284 0.0371604 0.0436538 0.322907
0 0.516763 0.377084 0.0257302 0.0331418 0.296089
