0 0.931563 0.627153 0.136875 0.236613 0.895048
0 0.687887 0.627248 0.0843682 0.116827 0.886833
0 0.330867 0.470252 0.0375218 0.060458 0.884276
0 0.918037 0.909992 0.161752 0.180017 0.883232
0 0.806303 0.555714 0.0845772 0.0914774 0.878981
0 0.659147 0.491233 0.048885 0.0711147 0.845926
0 0.607419 0.454424 0.0420422 0.0538965 0.843816
0 0.537146 0.435464 0.037746 0.053166 0.843317
0 0.392011 0.428053 0.0300222 0.0442854 0.841508
0 0.742984 0.577308 0.0809134 0.0971199 0.833833
0 0.573399 0.487341 0.0490406 0.0638468 0.827305
0 0.414117 0.370836 0.0241762 0.0350954 0.777542
0 0.692791 0.467552 0.0474384 0.060811 0.748821
0 0.982923 0.839802 0.0341549 0.17174 0.6043
0 0.498451 0.392984 0.0295282 0.0397782 0.562772
0 0.595019 0.380356 0.0574667 0.0906124 0.419954
0 0.376662 0.355955 0.0204988 0.0296884 0.358211
0 0.584682 0.384059 0.0799734 0.0855402 0.283881
0 0.55892 0.389708 0.0534519 0.0846589 0.270215
0 0.744509 0.577564 0.0812483 0.093357 0.906368
0 0.655089 0.490459 0.0565808 0.0693149 0.895431
0 0.57376 0.487595 0.052033 0.068376 0.889006
0 0.930824 0.625819 0.138284 0.231882 0.886253
0 0.607448 0.453766 0.0420789 0.0540219 0.883642
0 0.600346 0.382839 0.0463384 0.100651 0.883168
0 0.807086 0.557378 0.0853214 0.0869884 0.870711
0 0.329692 0.470652 0.0396609 0.0614523 0.866196
0 0.687552 0.624731 0.0798659 0.112919 0.864822
0 0.694201 0.468049 0.043486 0.059352 0.844637
0 0.920278 0.912793 0.159258 0.174414 0.842802
0 0.392503 0.427845 0.0314036 0.0460055 0.834598
0 0.537313 0.436121 0.0398318 0.0546515 0.816779
0 0.413072 0.369724 0.0239035 0.0362094 0.737903
0 0.982062 0.841305 0.035614 0.163988 0.565163
0 0.548152 0.385686 0.079546 0.105488 0.264353
