0 0.416587 0.591737 0.0588902 0.111777 0.9176
0 0.811827 0.519158 0.120105 0.178353 0.916167
0 0.511093 0.879935 0.146507 0.238236 0.910731
0 0.295894 0.509129 0.0969798 0.270647 0.898665
0 0.710577 0.643835 0.084878 0.12181 0.870814
0 0.799716 0.636398 0.0983206 0.123774 0.870604
0 0.684597 0.518927 0.0697498 0.0947285 0.86964
0 0.46688 0.5093 0.04788 0.0695492 0.865066
0 0.577192 0.501118 0.0539167 0.0762385 0.860587
0 0.706155 0.476831 0.0582062 0.0652564 0.860357
0 0.607438 0.462663 0.0393793 0.0565837 0.828531
0 0.538165 0.449402 0.0402147 0.0465077 0.827686
0 0.423294 0.399139 0.0263453 0.0389048 0.801776
0 0.357435 0.390193 0.0236999 0.0338661 0.77731
0 0.510685 0.411442 0.030911 0.0410515 0.710175
0 0.59402 0.403152 0.0320871 0.0421515 0.703096
0 0.543435 0.399519 0.027508 0.0365881 0.486918
0 0.962494 0.688037 0.0750114 0.162236 0.348092
0 0.813475 0.518851 0.120476 0.181192 0.911838
0 0.709643 0.639638 0.0815061 0.111433 0.902812
0 0.57739 0.50088 0.0569361 0.0772596 0.899683
0 0.512522 0.880185 0.150034 0.239629 0.898741
0 0.418597 0.595137 0.0550961 0.0976997 0.897224
0 0.800584 0.638737 0.0989094 0.113131 0.87316
0 0.466296 0.509865 0.0468432 0.0643044 0.873153
0 0.296389 0.507585 0.100863 0.286594 0.869369
0 0.685914 0.515796 0.0696862 0.0882189 0.862831
0 0.538307 0.448819 0.0390057 0.0490997 0.831318
0 0.958927 0.691383 0.0818827 0.144966 0.821278
0 0.606712 0.461593 0.0391248 0.0531198 0.808931
0 0.707336 0.478067 0.053791 0.060178 0.778593
0 0.422455 0.399132 0.025502 0.0341763 0.76474
0 0.356443 0.390087 0.0223773 0.0339276 0.6591
0 0.511213 0.410745 0.0300715 0.0385262 0.467978
0 0.646913 0.441164 0.0356862 0.0464462 0.383119
