0 0.864736 0.57476 0.188608 0.201279 0.902377
0 0.790391 0.615566 0.101809 0.135329 0.89998
0 0.40292 0.704219 0.0739034 0.124357 0.896692
0 0.746423 0.500377 0.0662761 0.0788052 0.89218
0 0.532326 0.636979 0.0710464 0.10438 0.888465
0 0.91343 0.889604 0.171856 0.220792 0.887088
0 0.663884 0.598716 0.0666212 0.0930782 0.882856
0 0.384487 0.404324 0.045742 0.115527 0.864388
0 0.686913 0.524665 0.0594271 0.0687603 0.855874
0 0.55963 0.477193 0.0400369 0.0533508 0.852027
0 0.616957 0.534056 0.0522474 0.0743913 0.847788
0 0.582065 0.431005 0.0377085 0.0466295 0.842595
0 0.67764 0.460866 0.0500589 0.0549454 0.840837
0 0.565213 0.349137 0.0482481 0.0796798 0.824985
0 0.526353 0.431551 0.0304967 0.0432949 0.823357
0 0.627738 0.424043 0.0368883 0.0539601 0.780735
0 0.549054 0.399359 0.0294155 0.0418404 0.611083
0 0.594079 0.405618 0.0280138 0.0338345 0.445438
0 0.905172 0.593039 0.106071 0.160662 0.909921
0 0.790123 0.612393 0.102099 0.130452 0.905842
0 0.659553 0.598599 0.0783648 0.0995005 0.902644
0 0.40484 0.702184 0.069057 0.126074 0.89346
0 0.532871 0.639158 0.073308 0.107417 0.892615
0 0.559191 0.475059 0.0434381 0.0583311 0.891894
0 0.617185 0.532609 0.0569685 0.0803382 0.874878
0 0.581727 0.430482 0.0411505 0.0469454 0.862627
0 0.676551 0.461807 0.0478804 0.0542786 0.860693
0 0.913009 0.886677 0.173983 0.226646 0.855545
0 0.74657 0.502045 0.0657518 0.0828713 0.855243
0 0.385514 0.406042 0.0476324 0.119655 0.847777
0 0.687043 0.524809 0.0613221 0.0712708 0.846703
0 0.5243 0.431413 0.0369459 0.0439081 0.814428
0 0.562637 0.354348 0.0544786 0.0900439 0.783028
0 0.832209 0.516904 0.098366 0.104467 0.771683
0 0.523135 0.377067 0.0227325 0.0327662 0.61564
0 0.510311 0.409852 0.0291277 0.0382339 0.604659
0 0.54899 0.397565 0.027002 0.0401589 0.542446
0 0.499438 0.359777 0.0227082 0.0295425 0.503076
