0 0.155207 0.654643 0.115611 0.154112 0.905013
0 0.292391 0.659022 0.0951414 0.122958 0.902767
0 0.237919 0.516524 0.0737139 0.0914493 0.899773
0 0.581619 0.698269 0.0969429 0.187041 0.880753
0 0.400081 0.525638 0.0618257 0.0881136 0.854135
0 0.428333 0.431553 0.0377113 0.0486225 0.849513
0 0.613631 0.415886 0.0300722 0.0480194 0.821617
0 0.464166 0.450007 0.0368519 0.0504366 0.788384
0 0.572327 0.406323 0.0346475 0.0574744 0.772624
0 0.356195 0.473251 0.102016 0.123032 0.752088
0 0.0334318 0.692314 0.0666489 0.193177 0.735627
0 0.452832 0.400432 0.0307425 0.0394383 0.571446
0 0.474499 0.38047 0.02781 0.03351 0.495872
0 0.513143 0.388975 0.0259874 0.0343417 0.388207
0 0.6461 0.356463 0.0212556 0.0311049 0.375368
0 0.401362 0.525656 0.0601496 0.094408 0.91122
0 0.157559 0.652656 0.117006 0.146962 0.904887
0 0.290577 0.659959 0.096408 0.123796 0.898007
0 0.579049 0.6958 0.0908752 0.176483 0.897534
0 0.238377 0.514298 0.0722979 0.0905918 0.874163
0 0.614309 0.4158 0.0326823 0.0514948 0.826579
0 0.463504 0.448951 0.0391184 0.0545313 0.815593
0 0.0350477 0.693428 0.0697858 0.185797 0.788499
0 0.35846 0.471025 0.101059 0.134564 0.736697
