0 0.157992 0.802272 0.153376 0.194175 0.911148
0 0.551943 0.743836 0.0842737 0.148362 0.896785
0 0.274542 0.562412 0.0814134 0.106146 0.896424
0 0.720427 0.770316 0.100331 0.159871 0.888845
0 0.0586286 0.656819 0.11705 0.158782 0.866939
0 0.558148 0.461597 0.0450096 0.0659256 0.780974
0 0.355583 0.580005 0.0749543 0.0967525 0.765516
0 0.422947 0.500281 0.0569845 0.0755245 0.763389
0 0.252971 0.511148 0.0723939 0.0752247 0.574027
0 0.416011 0.390951 0.0390537 0.0503903 0.477233
0 0.393983 0.454912 0.0427033 0.0558636 0.455763
0 0.659931 0.408178 0.0277792 0.0433259 0.42226
0 0.443331 0.410885 0.036858 0.0464952 0.415686
0 0.157712 0.803472 0.152671 0.183251 0.922039
0 0.719958 0.770317 0.100886 0.159265 0.895772
0 0.42148 0.496202 0.0560336 0.0827497 0.887075
0 0.273742 0.561167 0.0829769 0.102947 0.878532
0 0.0591721 0.657097 0.11705 0.148818 0.874236
0 0.553838 0.744457 0.0881107 0.143528 0.872689
0 0.55848 0.462886 0.0430174 0.0701437 0.86659
0 0.355705 0.574215 0.0740604 0.113594 0.859628
0 0.253017 0.512646 0.0675595 0.0717756 0.829894
0 0.394882 0.452987 0.0426967 0.0550352 0.45627
