0 0.147641 0.816653 0.144968 0.209399 0.911316
0 0.123993 0.680365 0.11952 0.148807 0.897976
0 0.667525 0.631231 0.0613999 0.0993135 0.881399
0 0.521664 0.536328 0.0648012 0.10063 0.872967
0 0.393398 0.458526 0.0396039 0.0509996 0.867386
0 0.136644 0.578172 0.101175 0.0987121 0.86399
0 0.616717 0.462866 0.0378702 0.0605721 0.854744
0 0.445359 0.474444 0.0450237 0.0599056 0.835285
0 0.281869 0.549132 0.081301 0.111088 0.83308
0 0.347294 0.491399 0.0486595 0.0682953 0.815934
0 0.369466 0.557469 0.0687151 0.0923924 0.810199
0 0.360112 0.415819 0.058486 0.0829012 0.801282
0 0.660171 0.398118 0.0260685 0.0368875 0.800696
0 0.585729 0.372363 0.0242122 0.0407442 0.754511
0 0.467294 0.384535 0.0292243 0.0398497 0.735088
0 0.40672 0.400785 0.0335557 0.0381485 0.703232
0 0.423516 0.426904 0.0361254 0.043018 0.691844
0 0.517885 0.381534 0.024123 0.0315627 0.529278
0 0.495887 0.361307 0.0213682 0.0304221 0.370511
0 0.629737 0.327887 0.014622 0.0213935 0.363615
0 0.28649 0.477476 0.0646577 0.0632322 0.35884
0 0.12566 0.681946 0.120582 0.138317 0.912116
0 0.368013 0.556048 0.0723813 0.104957 0.897338
0 0.670399 0.630473 0.0593401 0.10565 0.892682
0 0.148675 0.817165 0.145414 0.200462 0.888202
0 0.140273 0.576918 0.100238 0.0998245 0.877266
0 0.280926 0.54934 0.0795818 0.110787 0.875943
0 0.521306 0.539102 0.067984 0.113072 0.854924
0 0.616953 0.46485 0.0474079 0.066712 0.854482
0 0.350471 0.488515 0.0523136 0.0713141 0.845768
0 0.287147 0.476521 0.0625731 0.0682174 0.822121
0 0.445093 0.472582 0.0448738 0.0622331 0.704467
0 0.393625 0.458096 0.0395201 0.051849 0.597415
0 0.350578 0.417262 0.0423164 0.0769138 0.408173
0 0.492604 0.322724 0.0367384 0.065223 0.254586
