0 0.814444 0.63508 0.103222 0.130156 0.910441
0 0.84871 0.811026 0.163543 0.237071 0.896597
0 0.663327 0.582327 0.0719753 0.103336 0.890864
0 0.715957 0.550991 0.0699102 0.0851728 0.87931
0 0.400803 0.496862 0.0437114 0.0634432 0.841558
0 0.708283 0.477579 0.0625565 0.0680097 0.832746
0 0.592171 0.435159 0.0377477 0.0505379 0.725375
0 0.835931 0.570497 0.0953186 0.1084 0.698978
0 0.524487 0.434528 0.0367765 0.0512575 0.694871
0 0.431321 0.409697 0.0330252 0.0478192 0.693093
0 0.383114 0.39094 0.0275648 0.0394671 0.49437
0 0.561428 0.414523 0.0310911 0.0452757 0.422625
0 0.584229 0.389895 0.0317137 0.0373865 0.280369
0 0.34292 0.394414 0.0246983 0.0365829 0.277898
0 0.813806 0.635025 0.104767 0.122339 0.90834
0 0.716489 0.550187 0.0678956 0.0846453 0.905169
0 0.7083 0.481225 0.0631214 0.0747826 0.89121
0 0.848454 0.807479 0.162868 0.224847 0.885556
0 0.661421 0.583095 0.077891 0.100542 0.875877
0 0.835579 0.569792 0.0975464 0.0945013 0.860481
0 0.40025 0.496726 0.0458956 0.063368 0.854743
0 0.639498 0.48188 0.052812 0.0610247 0.791467
0 0.43094 0.409945 0.0342392 0.0511346 0.779218
0 0.382766 0.390228 0.0269814 0.0404997 0.595139
0 0.342551 0.394573 0.0261201 0.0387046 0.544337
0 0.591681 0.435287 0.0384663 0.0529401 0.474774
0 0.522415 0.434309 0.0435835 0.0522499 0.400269
