0 0.693681 0.607478 0.0523954 0.0903429 0.91168
0 0.334907 0.588154 0.0794864 0.1064 0.911277
0 0.192514 0.752127 0.115543 0.16863 0.8872
0 0.395922 0.453463 0.0411043 0.0564623 0.885839
0 0.126434 0.607179 0.102563 0.115939 0.883657
0 0.256854 0.499302 0.0689949 0.0794788 0.863264
0 0.455233 0.457244 0.0419471 0.0580845 0.850531
0 0.278496 0.556632 0.0746437 0.0849333 0.848914
0 0.657486 0.445335 0.0339845 0.0590223 0.847806
0 0.441975 0.399088 0.0544334 0.0785773 0.84437
0 0.338463 0.445312 0.0467485 0.0617378 0.836958
0 0.618939 0.373267 0.0238764 0.0347499 0.831785
0 0.664555 0.398216 0.0286297 0.0424397 0.812258
0 0.578295 0.388319 0.0272701 0.0354208 0.804254
0 0.408286 0.393412 0.0280653 0.0396717 0.747062
0 0.478521 0.378742 0.0249687 0.0314753 0.740959
0 0.51647 0.386495 0.0258132 0.0309875 0.715928
0 0.638728 0.343182 0.0195768 0.0273859 0.558762
0 0.449006 0.363248 0.0248128 0.0255417 0.361354
0 0.696084 0.606002 0.0566015 0.0946838 0.910362
0 0.278035 0.55747 0.0745153 0.0866282 0.890741
0 0.192823 0.753199 0.118318 0.166934 0.890203
0 0.128322 0.607995 0.102349 0.105884 0.887148
0 0.336257 0.589678 0.0813788 0.107854 0.88417
0 0.456053 0.45798 0.0460846 0.0639538 0.882337
0 0.258099 0.498588 0.0669319 0.0825366 0.881665
0 0.396863 0.452886 0.0450221 0.0585211 0.871897
0 0.656829 0.446863 0.0350841 0.0582023 0.857159
0 0.340351 0.44398 0.0473679 0.0619666 0.854507
0 0.66488 0.399153 0.0290955 0.0431167 0.796003
0 0.440194 0.407156 0.0485018 0.0639709 0.677607
0 0.579191 0.389761 0.0269182 0.0375206 0.595021
0 0.617565 0.374447 0.0233253 0.0324975 0.277412
