0 0.767725 0.596381 0.0908737 0.116076 0.897379
0 0.902053 0.859697 0.179509 0.248144 0.889588
0 0.41923 0.696167 0.0781249 0.136522 0.884293
0 0.574378 0.753955 0.109275 0.240653 0.879502
0 0.949221 0.66221 0.101558 0.163509 0.87567
0 0.66824 0.615206 0.084133 0.10683 0.862779
0 0.583601 0.505629 0.0587341 0.0779847 0.79465
0 0.460464 0.476462 0.0477028 0.0748014 0.747976
0 0.392166 0.453576 0.0389963 0.0611464 0.743234
0 0.791435 0.542286 0.0861689 0.0911222 0.368817
0 0.898901 0.86521 0.178992 0.227498 0.909636
0 0.573154 0.786627 0.107874 0.170918 0.898663
0 0.416036 0.693153 0.0813405 0.1323 0.898587
0 0.768525 0.59753 0.08771 0.113442 0.883278
0 0.460197 0.479098 0.0485849 0.0752929 0.882274
0 0.947667 0.66616 0.104666 0.147978 0.880121
0 0.584847 0.504075 0.0558435 0.0814739 0.876887
0 0.672431 0.454371 0.0516818 0.0707171 0.866614
0 0.666043 0.614541 0.089069 0.108276 0.848412
0 0.620258 0.467636 0.0456288 0.068458 0.847725
0 0.391883 0.456079 0.0400206 0.0626976 0.804755
0 0.541287 0.446104 0.0411206 0.0610043 0.793995
0 0.791483 0.543567 0.0845838 0.0851671 0.791382
0 0.341084 0.437234 0.0343879 0.0494773 0.627213
0 0.564792 0.422079 0.0370176 0.0463166 0.502025
