0 0.100083 0.862378 0.182362 0.242252 0.920075
0 0.581786 0.695255 0.077769 0.137994 0.892694
0 0.425323 0.753035 0.104036 0.247271 0.889946
0 0.232775 0.596771 0.0895893 0.117389 0.887564
0 0.332861 0.614208 0.0878711 0.10779 0.862299
0 0.0531484 0.65937 0.105938 0.164569 0.853347
0 0.539885 0.476479 0.0491774 0.0740652 0.773057
0 0.608103 0.453555 0.0420719 0.0631277 0.755182
0 0.415856 0.506016 0.0573352 0.0768587 0.717649
0 0.658718 0.437023 0.0361673 0.0496807 0.367048
0 0.207761 0.542163 0.0876658 0.0908206 0.361864
0 0.427455 0.785278 0.11101 0.175643 0.907849
0 0.100858 0.866227 0.179158 0.224072 0.906398
0 0.232548 0.595801 0.0861337 0.112073 0.894617
0 0.328737 0.454008 0.0511918 0.0711315 0.878454
0 0.416351 0.504594 0.0525464 0.0802158 0.876838
0 0.0526899 0.66271 0.10538 0.152656 0.872045
0 0.541362 0.478015 0.0467297 0.0756386 0.87045
0 0.583142 0.693687 0.0829336 0.136503 0.867568
0 0.334978 0.618092 0.0898517 0.116192 0.848678
0 0.607418 0.4567 0.039853 0.0623439 0.819657
0 0.20895 0.542187 0.0860868 0.082765 0.769246
0 0.459185 0.446025 0.0418192 0.0632885 0.720698
0 0.380284 0.467814 0.0449815 0.066135 0.663023
0 0.66024 0.436718 0.0344085 0.0496777 0.655586
0 0.378628 0.41972 0.0359804 0.055403 0.288928
0 0.433415 0.42194 0.0398563 0.0469929 0.265665
