0 0.936539 0.91058 0.126923 0.178839 0.889824
0 0.404458 0.582898 0.0648248 0.133847 0.886154
0 0.652681 0.58432 0.0755597 0.102124 0.877884
0 0.835419 0.660488 0.11228 0.141813 0.877035
0 0.460319 0.481939 0.0461995 0.0730572 0.86801
0 0.754191 0.512024 0.0767536 0.0918127 0.858417
0 0.557786 0.466651 0.0433704 0.0627728 0.832751
0 0.566315 0.41511 0.0415537 0.0556982 0.802591
0 0.517978 0.423731 0.0334595 0.0477688 0.749919
0 0.534264 0.376584 0.0373884 0.06223 0.643187
0 0.336915 0.395118 0.0262354 0.0398417 0.637407
0 0.384192 0.397161 0.0293969 0.0419528 0.625704
0 0.400361 0.492556 0.0427289 0.0529173 0.554353
0 0.636618 0.42846 0.0419601 0.0564813 0.525432
0 0.574643 0.378662 0.035362 0.0395273 0.461924
0 0.835501 0.660572 0.106537 0.138331 0.901353
0 0.936324 0.913011 0.126824 0.173978 0.890031
0 0.557538 0.466136 0.0457994 0.0666742 0.883185
0 0.652116 0.587805 0.0742949 0.0962175 0.879414
0 0.754331 0.514311 0.0717833 0.0821308 0.878556
0 0.461648 0.483033 0.046154 0.0756632 0.872776
0 0.404188 0.579279 0.063324 0.133024 0.818633
0 0.517681 0.422295 0.0354292 0.0530588 0.757711
0 0.565969 0.413947 0.0425562 0.0516411 0.680781
0 0.38473 0.397763 0.0325777 0.0448442 0.585608
0 0.337245 0.394165 0.0275211 0.0433629 0.542948
0 0.638124 0.428851 0.0436337 0.0576782 0.404682
