0 0.487485 0.573187 0.058602 0.0894852 0.884091
0 0.653079 0.59675 0.0727571 0.0931091 0.878771
0 0.907296 0.628164 0.116737 0.12768 0.877858
0 0.904552 0.879905 0.1854 0.24019 0.867288
0 0.746472 0.505739 0.07102 0.0781 0.863882
0 0.676819 0.453719 0.0519259 0.060898 0.862274
0 0.388384 0.442759 0.0338689 0.0525185 0.861882
0 0.56943 0.496842 0.0458259 0.0625174 0.832832
0 0.587567 0.436783 0.0360661 0.0510174 0.800958
0 0.425717 0.412684 0.0276208 0.0395328 0.792458
0 0.813505 0.704231 0.136897 0.162955 0.791685
0 0.621461 0.478187 0.0470151 0.062884 0.779781
0 0.536732 0.434216 0.0408972 0.052658 0.735479
0 0.604813 0.404965 0.0333651 0.0479902 0.598892
0 0.341554 0.367687 0.0191728 0.028469 0.542025
0 0.404516 0.352552 0.0188778 0.0252298 0.519522
0 0.58675 0.437647 0.0404673 0.0562551 0.909637
0 0.486976 0.573162 0.0595006 0.0903687 0.898832
0 0.652829 0.596956 0.0734548 0.0945082 0.894288
0 0.908543 0.631472 0.117697 0.1175 0.886373
0 0.570383 0.49538 0.0486303 0.0645151 0.885629
0 0.745702 0.508554 0.0685286 0.0782032 0.872305
0 0.67572 0.453001 0.0502414 0.0606162 0.858563
0 0.386987 0.442456 0.029695 0.0491854 0.85821
0 0.536399 0.435119 0.0420344 0.0542202 0.847483
0 0.551751 0.35234 0.0370273 0.0635486 0.828647
0 0.42485 0.412164 0.0259825 0.0385055 0.820158
0 0.621186 0.474397 0.0437729 0.0724924 0.801737
0 0.40517 0.352504 0.0179155 0.0237424 0.785139
0 0.604404 0.404603 0.0366129 0.0506588 0.721524
0 0.901273 0.88213 0.195931 0.23574 0.674544
0 0.372048 0.322012 0.0160868 0.0236671 0.659328
0 0.760311 0.583757 0.0796664 0.0734255 0.655414
0 0.341774 0.368336 0.0186465 0.0250704 0.586287
0 0.34668 0.330216 0.0146583 0.0215087 0.472271
0 0.00654741 0.187441 0.0130948 0.0387242 0.348561
0 0.814757 0.712029 0.131549 0.168921 0.334671
