0 0.254845 0.595973 0.0870705 0.100032 0.894366
0 0.728955 0.797994 0.105855 0.217143 0.890172
0 0.521829 0.53185 0.0530466 0.0786078 0.887149
0 0.073307 0.911449 0.146614 0.177102 0.875474
0 0.352981 0.583863 0.0669366 0.0873692 0.861905
0 0.0431714 0.795904 0.0862227 0.179491 0.854629
0 0.616295 0.417008 0.0282187 0.0409252 0.853772
0 0.557925 0.432739 0.034194 0.0462322 0.844853
0 0.393495 0.449067 0.0412137 0.0562216 0.83853
0 0.465577 0.444506 0.0399191 0.0560272 0.825495
0 0.344774 0.504352 0.0469882 0.0625154 0.797805
0 0.426299 0.388173 0.0299406 0.0399222 0.776293
0 0.49297 0.403829 0.0274794 0.0386746 0.681117
0 0.362898 0.430553 0.047078 0.0550029 0.660482
0 0.586184 0.382173 0.0231085 0.0341794 0.648701
0 0.6261 0.367391 0.0216404 0.0304379 0.581818
0 0.107894 0.602328 0.191222 0.185934 0.498385
0 0.142977 0.604071 0.26534 0.19306 0.362944
0 0.453722 0.365239 0.0230097 0.0316624 0.309797
0 0.479474 0.336799 0.0311971 0.040121 0.282942
0 0.520667 0.534373 0.0552921 0.0855534 0.90772
0 0.254289 0.59554 0.0865567 0.105559 0.888085
0 0.0467082 0.791894 0.0934164 0.167752 0.887076
0 0.726505 0.794155 0.108186 0.215155 0.883437
0 0.346924 0.499694 0.0538018 0.0715768 0.87277
0 0.39336 0.448281 0.0418206 0.0576919 0.858959
0 0.0661208 0.598561 0.107113 0.189231 0.853186
0 0.353596 0.584791 0.0697957 0.0888504 0.851257
0 0.464786 0.444728 0.0437325 0.0624966 0.846218
0 0.616829 0.416765 0.0271774 0.0422809 0.835434
0 0.0758996 0.912165 0.151799 0.175671 0.76997
0 0.557704 0.43372 0.0337929 0.0494053 0.767471
0 0.252608 0.485987 0.106779 0.184095 0.534903
0 0.426085 0.387719 0.0312292 0.0421017 0.355602
0 0.493395 0.40233 0.0277591 0.0368767 0.33154
0 0.358491 0.431673 0.0352872 0.0515572 0.296499
