0 0.222015 0.611984 0.0823614 0.112905 0.914658
0 0.437917 0.726715 0.0986757 0.161528 0.904877
0 0.100289 0.888996 0.192376 0.221953 0.903573
0 0.313146 0.429 0.120614 0.173997 0.897257
0 0.32521 0.593305 0.0826091 0.116534 0.879644
0 0.0966855 0.619248 0.101821 0.123249 0.876423
0 0.428535 0.478677 0.048535 0.0602672 0.851128
0 0.680611 0.498852 0.0403717 0.0656589 0.848357
0 0.333095 0.507197 0.0587754 0.0677121 0.818526
0 0.611164 0.442599 0.0447247 0.0770934 0.773992
0 0.44325 0.407711 0.0331554 0.0421769 0.721748
0 0.588133 0.374891 0.0244145 0.0335477 0.715585
0 0.498623 0.407444 0.0287222 0.0387404 0.678639
0 0.42753 0.386135 0.0280241 0.0354066 0.607753
0 0.454442 0.365523 0.023687 0.0318676 0.401314
0 0.435343 0.725749 0.0968525 0.158183 0.910817
0 0.61076 0.444911 0.0487667 0.0805222 0.899463
0 0.0984278 0.619926 0.104448 0.117908 0.892363
0 0.221497 0.610259 0.0789486 0.107688 0.889852
0 0.0991766 0.895031 0.194741 0.20963 0.889649
0 0.315162 0.428313 0.124729 0.174316 0.885105
0 0.32056 0.594171 0.0708561 0.110002 0.880697
0 0.32868 0.505575 0.0487691 0.064514 0.858343
0 0.680867 0.497052 0.043642 0.0636819 0.843963
0 0.42854 0.468184 0.0487665 0.0779537 0.831068
0 0.442244 0.406687 0.0350697 0.0406111 0.823263
0 0.428267 0.384982 0.0289279 0.0343559 0.613954
0 0.498375 0.406574 0.0298922 0.0421524 0.59867
