0 0.276212 0.462992 0.101609 0.141132 0.908603
0 0.585609 0.625099 0.061279 0.107472 0.900228
0 0.529138 0.520768 0.046213 0.0661818 0.898154
0 0.236623 0.682865 0.104612 0.151278 0.897961
0 0.121224 0.616664 0.101422 0.112329 0.887373
0 0.338866 0.600383 0.0737102 0.0895844 0.881945
0 0.227835 0.590127 0.0838803 0.0858314 0.872713
0 0.378232 0.464149 0.0390651 0.0534969 0.832136
0 0.619212 0.387492 0.0221969 0.033419 0.830634
0 0.399756 0.410941 0.0298227 0.0399931 0.825757
0 0.429642 0.47073 0.0421116 0.0629518 0.825633
0 0.468559 0.442095 0.0373707 0.0482407 0.819615
0 0.443275 0.364477 0.0418789 0.0544271 0.798328
0 0.575584 0.402537 0.0268867 0.0368117 0.793222
0 0.346981 0.436863 0.0354155 0.0519084 0.788064
0 0.434051 0.417713 0.03179 0.0410147 0.779512
0 0.502994 0.40084 0.0247877 0.0342554 0.731142
0 0.473435 0.386637 0.0249164 0.0313579 0.706591
0 0.058156 0.887007 0.116312 0.225986 0.569865
0 0.625222 0.34014 0.017668 0.0231109 0.480785
