0 0.356085 0.919904 0.158752 0.159978 0.91245
0 0.233975 0.71692 0.103144 0.151079 0.909945
0 0.241916 0.582998 0.0814748 0.0999742 0.891507
0 0.0712697 0.922047 0.142539 0.155905 0.875272
0 0.0518855 0.740896 0.103427 0.268129 0.864171
0 0.688614 0.540453 0.0538542 0.0829111 0.861822
0 0.433852 0.474615 0.0443598 0.0578261 0.826672
0 0.390049 0.456904 0.0442921 0.058024 0.793616
0 0.417883 0.393313 0.0330157 0.039594 0.721846
0 0.445433 0.409765 0.0371079 0.0438011 0.671841
0 0.665899 0.399762 0.029992 0.0462398 0.543548
0 0.251154 0.506106 0.0721456 0.0820079 0.533794
0 0.574272 0.394462 0.0306123 0.0418723 0.436474
0 0.480219 0.378362 0.0270945 0.0374624 0.385602
0 0.506508 0.393937 0.0294899 0.0353067 0.382312
0 0.365513 0.560263 0.06631 0.084074 0.365223
0 0.233873 0.715854 0.103678 0.143132 0.914662
0 0.689212 0.542659 0.0631148 0.0918481 0.903813
0 0.35642 0.920743 0.156615 0.157669 0.90184
0 0.241605 0.585194 0.0804405 0.0958025 0.898317
0 0.0554134 0.735488 0.110516 0.240786 0.879066
0 0.365306 0.559317 0.0713291 0.0872623 0.878778
0 0.250552 0.509569 0.0702771 0.0797452 0.878066
0 0.0682063 0.921373 0.134693 0.157253 0.866312
0 0.390047 0.455479 0.0448779 0.0593302 0.859592
0 0.434534 0.472931 0.0435761 0.0580554 0.834748
0 0.666035 0.40227 0.0319668 0.0489152 0.760687
0 0.445449 0.40986 0.0350864 0.0463194 0.585839
0 0.416406 0.393194 0.0305406 0.0404854 0.355641
