0 0.439508 0.730311 0.0961018 0.14045 0.905853
0 0.559332 0.755023 0.107868 0.208108 0.894938
0 0.238943 0.722036 0.119097 0.149362 0.875896
0 0.602874 0.527859 0.0482166 0.0722487 0.840173
0 0.230973 0.595519 0.088486 0.105145 0.839674
0 0.380848 0.537971 0.0654193 0.0961128 0.819723
0 0.444523 0.463861 0.0450207 0.0663569 0.797827
0 0.672334 0.463079 0.0371593 0.0535309 0.742189
0 0.24846 0.511977 0.0711982 0.0750528 0.635952
0 0.561887 0.428149 0.0352006 0.0540389 0.489334
0 0.416296 0.434753 0.0414873 0.0553201 0.480313
0 0.619283 0.409919 0.0350698 0.0499481 0.356275
0 0.0188506 0.705481 0.0375375 0.191836 0.256275
0 0.561082 0.752952 0.107379 0.202662 0.930212
0 0.376983 0.537768 0.0723503 0.108934 0.922517
0 0.438181 0.729268 0.0931453 0.144923 0.915118
0 0.232687 0.594491 0.082852 0.0968427 0.900066
0 0.238352 0.7244 0.112149 0.14241 0.886033
0 0.444976 0.462273 0.0468067 0.0731508 0.872573
0 0.603027 0.530311 0.0511541 0.0736675 0.859468
0 0.249133 0.518616 0.0674616 0.0784409 0.830742
0 0.354565 0.478384 0.0559677 0.0784397 0.815977
0 0.67289 0.462719 0.038312 0.0563015 0.81135
0 0.620708 0.411762 0.0380201 0.0559224 0.805777
0 0.0205778 0.718088 0.0411555 0.193204 0.731749
0 0.562558 0.429899 0.0359725 0.0560701 0.652884
