0 0.490163 0.879453 0.14844 0.238972 0.91685
0 0.583098 0.590907 0.0599424 0.11152 0.908191
0 0.188715 0.521275 0.119423 0.184386 0.904378
0 0.201243 0.636475 0.0987247 0.122913 0.887004
0 0.702897 0.509064 0.102995 0.271192 0.87948
0 0.317124 0.518358 0.0705795 0.0953756 0.875533
0 0.290754 0.644645 0.0844475 0.119266 0.874131
0 0.533175 0.510001 0.0487536 0.0692038 0.864776
0 0.423348 0.499825 0.0550861 0.0759768 0.851068
0 0.391532 0.462484 0.0399126 0.056948 0.806687
0 0.0398269 0.682517 0.0795285 0.146083 0.765825
0 0.461902 0.449903 0.0400446 0.047814 0.759643
0 0.293177 0.475885 0.0556107 0.0652037 0.745334
0 0.576796 0.399314 0.0264946 0.037253 0.689363
0 0.405682 0.403022 0.0321629 0.0418907 0.619173
0 0.641661 0.389798 0.0228621 0.033928 0.426356
0 0.456207 0.398753 0.0300825 0.0416176 0.40958
0 0.489428 0.413246 0.0308855 0.0400377 0.376536
0 0.581239 0.592466 0.0559963 0.0969033 0.90598
0 0.190469 0.517882 0.125567 0.185831 0.904099
0 0.489834 0.880319 0.150297 0.239362 0.903063
0 0.423018 0.500827 0.0564555 0.0763676 0.888936
0 0.291635 0.641204 0.0800239 0.112681 0.8841
0 0.703756 0.51253 0.10163 0.289831 0.880493
0 0.315141 0.517572 0.0726028 0.0898469 0.8745
0 0.533322 0.509062 0.0466336 0.0644089 0.872286
0 0.201985 0.638749 0.0971309 0.119971 0.867933
0 0.0404655 0.687795 0.0809309 0.139566 0.837236
0 0.392485 0.463073 0.0386689 0.0521683 0.750165
0 0.461588 0.449104 0.0392791 0.0485871 0.740935
0 0.292643 0.477884 0.0568148 0.0614052 0.649769
0 0.577883 0.397974 0.0271358 0.0376761 0.617679
0 0.352628 0.439532 0.035399 0.0484488 0.607533
0 0.642653 0.389787 0.0236416 0.0346655 0.493579
