0 0.642564 0.921665 0.152975 0.15662 0.895585
0 0.766236 0.718433 0.102253 0.149798 0.891375
0 0.758749 0.583829 0.0812257 0.0983044 0.887541
0 0.944964 0.73803 0.110072 0.261077 0.878222
0 0.310829 0.54048 0.0535375 0.0849753 0.87253
0 0.566284 0.475802 0.0464298 0.061405 0.845863
0 0.633939 0.559938 0.0681609 0.0850283 0.838289
0 0.748701 0.506455 0.0697372 0.0782034 0.832993
0 0.932662 0.921276 0.134609 0.157261 0.810072
0 0.610325 0.455934 0.0440111 0.0570202 0.763259
0 0.581187 0.393929 0.0333387 0.039816 0.610184
0 0.555891 0.411216 0.0345592 0.0437366 0.594657
0 0.425707 0.395073 0.0300951 0.042368 0.451525
0 0.333048 0.400788 0.0306258 0.0478638 0.312194
0 0.519354 0.379758 0.0273492 0.03454 0.298937
0 0.492436 0.393582 0.0292847 0.0361431 0.252405
0 0.767038 0.718913 0.103566 0.140492 0.92456
0 0.646 0.920043 0.162684 0.159201 0.892238
0 0.310567 0.542485 0.0574512 0.0916299 0.884273
0 0.759148 0.585229 0.0761115 0.0930563 0.877808
0 0.944759 0.736499 0.110482 0.250029 0.877396
0 0.634753 0.560051 0.0704517 0.0885353 0.861689
0 0.749415 0.511908 0.0711385 0.080238 0.855845
0 0.564979 0.473943 0.0445231 0.0610785 0.756391
0 0.930057 0.92303 0.139887 0.152617 0.688201
0 0.609776 0.456883 0.0457562 0.0578531 0.499926
