0 0.825788 0.788068 0.144334 0.186782 0.896633
0 0.777449 0.594512 0.105722 0.137081 0.890655
0 0.947226 0.757172 0.105548 0.30513 0.864428
0 0.626324 0.554449 0.0606487 0.0833745 0.861174
0 0.674253 0.512628 0.056712 0.073782 0.856255
0 0.381285 0.508919 0.0491904 0.075486 0.855997
0 0.470683 0.515997 0.049637 0.0723425 0.849959
0 0.727867 0.488801 0.0626368 0.065637 0.843901
0 0.565654 0.478007 0.0502722 0.0773374 0.833279
0 0.5861 0.413551 0.0499167 0.0803541 0.796937
0 0.853885 0.581311 0.0948633 0.112224 0.792669
0 0.427271 0.415311 0.0277994 0.0400795 0.721475
0 0.54257 0.389176 0.0303227 0.0421695 0.674493
0 0.498159 0.396594 0.0295371 0.0377545 0.57668
0 0.626536 0.556189 0.0672508 0.0926382 0.925255
0 0.827423 0.785854 0.145444 0.176828 0.896852
0 0.470366 0.51636 0.0509563 0.0765224 0.890223
0 0.777233 0.592525 0.105983 0.140568 0.87896
0 0.567183 0.477394 0.0563342 0.0817986 0.87794
0 0.674844 0.512999 0.0575154 0.0768156 0.872031
0 0.381276 0.509796 0.0509545 0.0754901 0.868919
0 0.72841 0.488894 0.0622381 0.0678743 0.862832
0 0.948524 0.745432 0.102953 0.277419 0.843914
0 0.854281 0.585855 0.0941559 0.11187 0.836052
0 0.585738 0.414027 0.0526799 0.0876729 0.765332
0 0.426816 0.415413 0.0299197 0.0439121 0.70444
0 0.541323 0.388258 0.0320627 0.0428744 0.344353
0 0.00697656 0.187904 0.0139531 0.0394929 0.305337
