0 0.19171 0.621721 0.102903 0.137867 0.906339
0 0.219408 0.753393 0.128678 0.166712 0.896451
0 0.327438 0.58522 0.0756171 0.110447 0.8603
0 0.404678 0.520337 0.0580289 0.0719376 0.860123
0 0.438874 0.417085 0.0336191 0.0420833 0.8041
0 0.395132 0.414109 0.0387387 0.0441256 0.803276
0 0.312986 0.474573 0.0515752 0.0624897 0.775703
0 0.492537 0.419132 0.0307535 0.0411897 0.643877
0 0.185015 0.547171 0.0894639 0.0990951 0.533087
0 0.45077 0.367905 0.0276936 0.0384698 0.475838
0 0.371394 0.470845 0.0514584 0.0738771 0.455581
0 0.469126 0.385956 0.0284485 0.0360571 0.327308
0 0.622285 0.35963 0.0197838 0.0289153 0.295941
0 0.217519 0.755393 0.127588 0.163779 0.903399
0 0.324236 0.582644 0.0637764 0.108451 0.879808
0 0.192552 0.625495 0.104158 0.121002 0.877308
0 0.371403 0.46936 0.054206 0.0808662 0.876808
0 0.405948 0.518236 0.0555684 0.0705678 0.874824
0 0.31442 0.473626 0.0522794 0.0609009 0.86515
0 0.186546 0.549233 0.0909384 0.096221 0.847348
0 0.439834 0.416814 0.0357429 0.0429556 0.844528
0 0.39539 0.414458 0.0359882 0.0444666 0.809733
0 0.492309 0.418082 0.0303371 0.0424073 0.80502
0 0.512377 0.385296 0.0248563 0.0320362 0.721975
0 0.449904 0.366782 0.0272739 0.0400957 0.545411
0 0.622445 0.360473 0.0185148 0.0289582 0.405642
