0 0.814336 0.640775 0.108254 0.128135 0.907499
0 0.923974 0.881924 0.152053 0.236153 0.892444
0 0.659776 0.594485 0.0799851 0.101637 0.883563
0 0.391152 0.432641 0.0353945 0.0537284 0.866496
0 0.471602 0.528627 0.048041 0.0722229 0.859531
0 0.572521 0.491938 0.0509817 0.0735643 0.856721
0 0.695217 0.529318 0.0689337 0.0933594 0.84956
0 0.704961 0.471405 0.0638296 0.0684312 0.843867
0 0.616592 0.460968 0.0433609 0.0530296 0.828809
0 0.322942 0.450632 0.0338427 0.0505034 0.76875
0 0.518875 0.422928 0.0325378 0.0449049 0.719409
0 0.551973 0.405065 0.0302464 0.0412704 0.605479
0 0.427079 0.401186 0.0297794 0.0423904 0.581742
0 0.621011 0.417648 0.0429092 0.0534357 0.556754
0 0.842693 0.583524 0.091466 0.0962027 0.489485
0 0.566317 0.37753 0.0333821 0.044359 0.426269
0 0.617139 0.461832 0.0469502 0.0571266 0.905194
0 0.471473 0.530561 0.0504819 0.074344 0.901906
0 0.51836 0.354005 0.0423656 0.0847213 0.896836
0 0.572821 0.491774 0.0500189 0.0707045 0.895792
0 0.923833 0.879905 0.152335 0.240189 0.895721
0 0.69634 0.530306 0.0686439 0.088678 0.894782
0 0.707623 0.471717 0.057452 0.0654667 0.874532
0 0.815928 0.641617 0.10448 0.120985 0.867066
0 0.658054 0.594478 0.0818517 0.101143 0.864172
0 0.39206 0.431777 0.0332969 0.0520573 0.846962
0 0.552056 0.405444 0.0320692 0.0449208 0.841757
0 0.843185 0.584594 0.0929939 0.0921394 0.839935
0 0.38093 0.384918 0.0228436 0.0354085 0.830653
0 0.519559 0.421634 0.0312671 0.0457474 0.823917
0 0.622021 0.421451 0.0425305 0.0575884 0.823789
0 0.427191 0.401611 0.0290345 0.0431366 0.822669
0 0.338417 0.39215 0.0247943 0.0366742 0.818179
0 0.566173 0.377095 0.035758 0.0498016 0.817028
0 0.323005 0.44922 0.0313713 0.0474985 0.806849
0 0.492919 0.394841 0.0247288 0.0388683 0.337692
