0 0.248008 0.695192 0.107106 0.140678 0.900937
0 0.0849272 0.629158 0.115281 0.117841 0.894138
0 0.409249 0.819114 0.113933 0.17704 0.891341
0 0.236431 0.5141 0.0761569 0.0889439 0.888923
0 0.731432 0.912282 0.122032 0.174623 0.885527
0 0.246257 0.58315 0.0880999 0.0943571 0.873968
0 0.605838 0.4774 0.0407606 0.0702456 0.869013
0 0.36497 0.560629 0.0687823 0.100643 0.864911
0 0.669743 0.466405 0.039348 0.0653942 0.863071
0 0.421113 0.430732 0.0378448 0.0458964 0.81864
0 0.324972 0.457957 0.0514071 0.0611637 0.757384
0 0.390709 0.408384 0.0354218 0.0490329 0.755529
0 0.421221 0.502949 0.0477585 0.0678684 0.729654
0 0.483341 0.41754 0.0341377 0.0477913 0.543224
0 0.410009 0.815173 0.113855 0.168853 0.917514
0 0.236945 0.514761 0.0760206 0.0872639 0.897032
0 0.246285 0.584893 0.0851345 0.0897157 0.896911
0 0.0856059 0.628199 0.113758 0.113453 0.892544
0 0.732294 0.912506 0.128433 0.174804 0.888376
0 0.249075 0.696514 0.107562 0.133182 0.887034
0 0.36514 0.559713 0.0708693 0.0991116 0.879353
0 0.671037 0.46766 0.0422997 0.0691901 0.876051
0 0.422725 0.501943 0.0488949 0.0678195 0.87436
0 0.326031 0.453615 0.0530126 0.0693676 0.863535
0 0.421254 0.429236 0.0376959 0.0488939 0.80092
0 0.604074 0.481246 0.0442019 0.0668655 0.784796
0 0.483435 0.416608 0.03664 0.0524789 0.654901
