0 0.0758359 0.879502 0.151672 0.24061 0.89867
0 0.341257 0.594488 0.0801738 0.0973141 0.895011
0 0.183444 0.641375 0.107236 0.128567 0.87923
0 0.528677 0.528297 0.0496282 0.0719049 0.871862
0 0.30568 0.530565 0.0697325 0.0906242 0.864713
0 0.427555 0.491672 0.0500734 0.0725611 0.847011
0 0.608259 0.432727 0.0364309 0.0538737 0.810288
0 0.383493 0.460961 0.0455626 0.0545185 0.805607
0 0.677206 0.450719 0.032962 0.0515427 0.785083
0 0.293839 0.471669 0.0604829 0.0708815 0.776472
0 0.156116 0.581882 0.0924288 0.0985289 0.627698
0 0.480882 0.422763 0.0337102 0.0475725 0.627688
0 0.433506 0.377297 0.0360387 0.0463706 0.561701
0 0.448416 0.405415 0.0304797 0.0427061 0.521476
0 0.661591 0.393855 0.0255938 0.0362935 0.464593
0 0.573313 0.4017 0.0311239 0.0439124 0.395571
0 0.380114 0.417847 0.0413286 0.0586051 0.341542
