0 0.182134 0.762419 0.140185 0.196944 0.909634
0 0.125197 0.600531 0.112932 0.13821 0.894542
0 0.698157 0.634013 0.0670725 0.107818 0.890321
0 0.585456 0.596763 0.0558414 0.0941322 0.889241
0 0.393501 0.516303 0.0626475 0.0840172 0.883366
0 0.344491 0.593174 0.0750379 0.0998287 0.877873
0 0.293442 0.505788 0.126047 0.210794 0.876032
0 0.558327 0.454522 0.0392425 0.0586609 0.842441
0 0.0235899 0.678005 0.0463184 0.122825 0.794233
0 0.614814 0.402145 0.0325537 0.0712031 0.779891
0 0.217024 0.519985 0.064662 0.100093 0.726012
0 0.476047 0.435258 0.034309 0.0497994 0.716526
0 0.39454 0.448166 0.0435864 0.0541256 0.651443
0 0.437739 0.417797 0.0345529 0.0512261 0.581708
0 0.0288601 0.820537 0.057648 0.194545 0.507113
0 0.58699 0.368207 0.0219372 0.029003 0.398206
0 0.0288758 0.791238 0.0570726 0.137363 0.368331
0 0.424726 0.384986 0.0324558 0.0361948 0.264568
0 0.700373 0.633475 0.0633744 0.11123 0.936636
0 0.34569 0.593158 0.0784863 0.0989584 0.915047
0 0.180397 0.759323 0.133902 0.194463 0.893273
0 0.395934 0.514519 0.0533954 0.0828224 0.888749
0 0.126488 0.596435 0.111172 0.133929 0.888616
0 0.58442 0.595619 0.053046 0.0890846 0.887177
0 0.289272 0.503329 0.119791 0.2083 0.867501
0 0.395342 0.447641 0.0448441 0.0564571 0.86366
0 0.438338 0.417062 0.0380733 0.0503965 0.850792
0 0.558098 0.454842 0.0358595 0.0568655 0.845719
0 0.216279 0.523416 0.0582061 0.0956365 0.844105
0 0.475694 0.436778 0.0360731 0.0508951 0.818614
0 0.0253294 0.687461 0.0506588 0.128581 0.804792
0 0.424998 0.385078 0.0327133 0.0339284 0.788244
0 0.0317796 0.837916 0.0634681 0.223034 0.747764
0 0.614868 0.402019 0.030738 0.0699281 0.724108
0 0.587379 0.368396 0.0227653 0.029262 0.6452
0 0.494666 0.402602 0.0311451 0.0423517 0.577724
0 0.51512 0.379378 0.0224003 0.0347247 0.432252
0 0.458025 0.36003 0.0237692 0.0310799 0.301969
0 0.0774157 0.946255 0.154831 0.107338 0.281891
