0 0.285063 0.563202 0.0716581 0.0863026 0.896931
0 0.275486 0.678072 0.099884 0.125805 0.890359
0 0.0633672 0.645585 0.126734 0.152951 0.871935
0 0.060424 0.778216 0.120433 0.189061 0.870315
0 0.404021 0.522746 0.0576241 0.0729423 0.85479
0 0.225835 0.526071 0.0761276 0.0921007 0.844544
0 0.315128 0.471337 0.0519837 0.0607664 0.808239
0 0.455775 0.450561 0.0417099 0.0577881 0.749553
0 0.665055 0.426087 0.0323672 0.0535501 0.739192
0 0.342866 0.499417 0.0510573 0.0665417 0.735973
0 0.382952 0.420517 0.0341504 0.0448364 0.553853
0 0.415213 0.432788 0.0369384 0.0506535 0.522021
0 0.284239 0.562664 0.0719324 0.0868732 0.903569
0 0.405517 0.521834 0.0570165 0.0763325 0.901199
0 0.0647751 0.640491 0.127673 0.14722 0.896696
0 0.0605275 0.780273 0.120191 0.173238 0.888056
0 0.224195 0.526115 0.0735598 0.0953331 0.885228
0 0.275579 0.679342 0.10085 0.127588 0.882843
0 0.346528 0.494691 0.0563088 0.0711581 0.849249
0 0.455466 0.449238 0.0415442 0.0606721 0.84647
0 0.664021 0.425731 0.0405144 0.0587485 0.8342
0 0.315578 0.470519 0.0512987 0.0592033 0.825123
0 0.416556 0.433338 0.0404242 0.0529762 0.79767
0 0.384666 0.421069 0.0303125 0.046571 0.716583
0 0.501175 0.411774 0.0338251 0.0412193 0.318118
