0 0.168521 0.815211 0.150679 0.193968 0.903334
0 0.732755 0.904017 0.115053 0.191884 0.895429
0 0.595609 0.533532 0.056802 0.100873 0.892715
0 0.0731209 0.625505 0.1233 0.139176 0.882108
0 0.25492 0.589025 0.0824412 0.0946997 0.872138
0 0.274004 0.492068 0.070409 0.0850714 0.870511
0 0.524162 0.530441 0.0503828 0.074065 0.856738
0 0.338907 0.603456 0.0638868 0.0925486 0.829984
0 0.405917 0.496859 0.0574267 0.0800468 0.803537
0 0.660023 0.367519 0.0230724 0.0357967 0.659254
0 0.417261 0.374228 0.0542692 0.0808694 0.652854
0 0.582089 0.376726 0.0240036 0.0322475 0.516132
0 0.622775 0.35972 0.0214628 0.0293141 0.504419
0 0.445131 0.456932 0.0356716 0.0542856 0.504338
0 0.595245 0.533706 0.0531101 0.0977783 0.909737
0 0.253903 0.588514 0.07912 0.0932302 0.891016
0 0.169042 0.815824 0.155173 0.188321 0.883491
0 0.524169 0.530044 0.0492586 0.0716917 0.880205
0 0.734848 0.903881 0.121246 0.191206 0.880106
0 0.343206 0.603344 0.0735436 0.0953379 0.879026
0 0.075267 0.626182 0.124413 0.12639 0.876918
0 0.27295 0.491437 0.0673572 0.0870628 0.865948
0 0.406792 0.494406 0.0578018 0.0796046 0.858264
0 0.415055 0.375307 0.048112 0.0815804 0.850266
0 0.659438 0.367098 0.0207613 0.0354937 0.812465
0 0.423279 0.433157 0.0333015 0.0468004 0.78775
0 0.445916 0.455226 0.0331737 0.0572999 0.784731
0 0.347465 0.446865 0.0326622 0.0411039 0.775242
0 0.582609 0.376604 0.0229055 0.0318198 0.752658
0 0.376643 0.468369 0.0413061 0.0647394 0.722084
0 0.45047 0.397506 0.0309597 0.036276 0.720133
0 0.0386262 0.804159 0.0771223 0.212861 0.682198
0 0.622451 0.361908 0.0174055 0.02561 0.638457
0 0.504556 0.395332 0.0245157 0.0352921 0.605995
0 0.484043 0.36752 0.0216856 0.0303375 0.446771
0 0.477328 0.431703 0.0332245 0.0524629 0.445011
0 0.479361 0.425297 0.0365875 0.0681567 0.255051
