0 0.0648498 0.91086 0.129421 0.17828 0.89539
0 0.596052 0.582954 0.0660832 0.135159 0.886528
0 0.163787 0.660606 0.112262 0.140701 0.88087
0 0.245161 0.510995 0.0751506 0.0961232 0.8512
0 0.539744 0.481415 0.0457807 0.0702758 0.850042
0 0.348068 0.582874 0.0748992 0.101273 0.840445
0 0.443208 0.466763 0.0451525 0.0627753 0.829946
0 0.434142 0.415245 0.0433244 0.0547897 0.791348
0 0.481687 0.42332 0.0341425 0.0466575 0.726884
0 0.363461 0.427184 0.044975 0.0575246 0.717022
0 0.601822 0.493717 0.0436605 0.0564205 0.681272
0 0.464957 0.376483 0.0389669 0.0591984 0.679998
0 0.663334 0.395316 0.0267391 0.0409807 0.610124
0 0.615497 0.396006 0.029329 0.0441959 0.573634
0 0.517731 0.385153 0.0249648 0.0325653 0.304918
0 0.42539 0.378557 0.038047 0.0417611 0.282987
0 0.245632 0.512502 0.0720921 0.085582 0.895296
0 0.162821 0.660682 0.109967 0.133111 0.884411
0 0.538631 0.483522 0.0432482 0.073657 0.87106
0 0.442307 0.466994 0.0464146 0.0675726 0.870795
0 0.0652606 0.913703 0.128609 0.172126 0.868247
0 0.346769 0.585985 0.076573 0.095679 0.864676
0 0.59407 0.596747 0.0577814 0.100842 0.814093
0 0.361558 0.428052 0.044394 0.0598065 0.800438
0 0.433575 0.412819 0.0450016 0.0560553 0.7842
0 0.481492 0.422591 0.0331236 0.051646 0.716977
0 0.594353 0.56511 0.060013 0.162588 0.686836
0 0.615872 0.396591 0.0311396 0.0416527 0.606422
0 0.662646 0.394219 0.0257499 0.0399314 0.373214
