0 0.31987 0.60604 0.0985463 0.139127 0.904954
0 0.446963 0.748151 0.0939944 0.145318 0.8937
0 0.137063 0.803754 0.171669 0.241853 0.882532
0 0.225869 0.522533 0.0942802 0.111575 0.876602
0 0.0781948 0.721896 0.149327 0.182273 0.865689
0 0.12223 0.594488 0.115743 0.120308 0.861368
0 0.606528 0.4554 0.0361923 0.0535315 0.861273
0 0.396782 0.448786 0.0444021 0.0592054 0.848111
0 0.416813 0.495481 0.0461842 0.0670362 0.832403
0 0.304496 0.48066 0.0557342 0.0593884 0.825462
0 0.452164 0.458516 0.0383541 0.0525682 0.809085
0 0.296824 0.546936 0.0691167 0.0771927 0.769826
0 0.0238345 0.685362 0.0466753 0.135689 0.708938
0 0.429869 0.412739 0.0323456 0.0417332 0.629252
0 0.655668 0.34434 0.0183147 0.0289989 0.56336
0 0.501187 0.399342 0.0288263 0.03738 0.522107
0 0.449804 0.369128 0.0258191 0.0357386 0.410616
0 0.485148 0.360337 0.0310155 0.0518237 0.311507
0 0.314593 0.607443 0.0855775 0.130885 0.897932
0 0.416505 0.495829 0.0456428 0.0680818 0.89349
0 0.137614 0.797537 0.175188 0.240406 0.891686
0 0.447724 0.749667 0.0936483 0.141726 0.890209
0 0.225231 0.522272 0.0870294 0.116576 0.886817
0 0.397311 0.447958 0.0452403 0.0578925 0.872598
0 0.296364 0.546002 0.0714944 0.0788788 0.857577
0 0.123917 0.594502 0.112256 0.121401 0.856658
0 0.452545 0.456898 0.0368944 0.0529363 0.837507
0 0.606902 0.455086 0.0349095 0.0521177 0.831816
0 0.305719 0.481111 0.050731 0.0566718 0.824782
0 0.502068 0.39757 0.0275455 0.0385411 0.821508
0 0.0782465 0.723441 0.150218 0.167613 0.817119
0 0.483708 0.362155 0.0283304 0.0546519 0.811285
0 0.345881 0.446694 0.0394455 0.0530518 0.811027
0 0.656066 0.344504 0.0173105 0.0284457 0.790859
0 0.430347 0.413045 0.0296768 0.0396714 0.739252
0 0.0226395 0.68497 0.0447962 0.124797 0.703022
0 0.526681 0.370042 0.0197548 0.0312912 0.625185
0 0.501405 0.317684 0.0243431 0.0402725 0.304837
0 0.449435 0.368407 0.0267838 0.0388065 0.30406
