0 0.299515 0.628731 0.0863939 0.11319 0.900976
0 0.581739 0.633814 0.0638128 0.112557 0.891386
0 0.72541 0.933384 0.116634 0.13285 0.88799
0 0.0556665 0.783943 0.110981 0.201444 0.88552
0 0.277532 0.546914 0.0770508 0.0923119 0.87524
0 0.542368 0.475458 0.0409447 0.0594294 0.822598
0 0.399213 0.529551 0.0557934 0.0726465 0.801078
0 0.448995 0.467569 0.0428518 0.0553275 0.77889
0 0.401323 0.450159 0.0434392 0.0540387 0.778063
0 0.452554 0.406175 0.032044 0.0397086 0.652522
0 0.578578 0.400219 0.0313061 0.0448942 0.6376
0 0.19464 0.542844 0.0947714 0.108867 0.477797
0 0.423827 0.388921 0.0302293 0.0390662 0.466789
0 0.26248 0.487319 0.198137 0.217632 0.40841
0 0.287624 0.464394 0.147082 0.172773 0.404362
0 0.490762 0.415826 0.0328297 0.0395052 0.359712
0 0.211063 0.538471 0.127305 0.115884 0.299072
0 0.400552 0.528894 0.0555116 0.0734076 0.906264
0 0.286709 0.446341 0.131192 0.132272 0.897063
0 0.27667 0.54854 0.0785183 0.0906399 0.89592
0 0.299764 0.632266 0.0841118 0.110804 0.891406
0 0.464394 0.33699 0.0569127 0.0893189 0.891365
0 0.448735 0.465786 0.041877 0.0542526 0.878989
0 0.194163 0.543225 0.0893294 0.111943 0.87074
0 0.582884 0.63253 0.0622845 0.110841 0.864913
0 0.452534 0.406343 0.0311579 0.039795 0.861812
0 0.0583673 0.784022 0.116169 0.193814 0.850719
0 0.402346 0.450363 0.0436268 0.0543997 0.849719
0 0.542282 0.475466 0.0387056 0.0579734 0.84675
0 0.422796 0.388413 0.0277975 0.0379258 0.829955
0 0.578607 0.401752 0.0305027 0.0443644 0.796919
0 0.723306 0.932436 0.125488 0.134564 0.784988
0 0.489467 0.416881 0.0319862 0.0425556 0.779793
0 0.478308 0.380939 0.0232012 0.0329938 0.450236
0 0.655906 0.372832 0.0256181 0.0374146 0.422582
0 0.512051 0.38846 0.0261478 0.0351761 0.279053
