0 0.414615 0.625685 0.0607913 0.107494 0.932535
0 0.724422 0.4638 0.103134 0.138392 0.914163
0 0.762365 0.684241 0.104343 0.148042 0.911951
0 0.77297 0.59101 0.0811768 0.0843781 0.906228
0 0.878814 0.620396 0.100923 0.107033 0.892667
0 0.471192 0.51976 0.0458603 0.0665758 0.888196
0 0.661549 0.601366 0.0746431 0.0913034 0.880236
0 0.569605 0.471143 0.0438511 0.0622456 0.873148
0 0.380455 0.387596 0.0219387 0.0325743 0.840434
0 0.623273 0.463451 0.043047 0.0542307 0.838175
0 0.424826 0.402553 0.0263461 0.036846 0.837481
0 0.599546 0.41085 0.0331846 0.0407705 0.834145
0 0.650714 0.434638 0.0375781 0.0551928 0.830918
0 0.532206 0.442035 0.0359053 0.0472474 0.817972
0 0.565866 0.41783 0.0330341 0.0386765 0.79661
0 0.556916 0.365202 0.0409643 0.0528606 0.783873
0 0.496075 0.40066 0.0269335 0.0352741 0.77385
0 0.52681 0.385699 0.0246565 0.0340943 0.719205
0 0.375382 0.340695 0.0165517 0.0221699 0.548679
0 0.941982 0.890493 0.116036 0.219014 0.310784
0 0.76146 0.681364 0.10404 0.1466 0.921468
0 0.657897 0.599659 0.0789934 0.0949492 0.916328
0 0.413566 0.624773 0.0615132 0.108514 0.908858
0 0.724436 0.461986 0.0995764 0.140092 0.898647
0 0.77083 0.588519 0.0823402 0.0841729 0.893905
0 0.879375 0.618157 0.0988903 0.100326 0.892963
0 0.569293 0.469134 0.0441528 0.0628622 0.885867
0 0.470925 0.520167 0.0444416 0.0651412 0.885288
0 0.622595 0.463211 0.04251 0.0535416 0.872584
0 0.566859 0.418323 0.0332035 0.0426883 0.86902
0 0.531215 0.442092 0.0352194 0.0485573 0.867605
0 0.557526 0.364123 0.0393627 0.0533932 0.829396
0 0.65201 0.437606 0.0371416 0.050452 0.824928
0 0.424569 0.402165 0.0258503 0.0353561 0.813111
0 0.600405 0.410569 0.0324194 0.037179 0.811506
0 0.380734 0.387862 0.021515 0.0313156 0.799804
0 0.496443 0.401678 0.0253359 0.0314898 0.781221
0 0.395203 0.325278 0.0144629 0.0184333 0.712357
0 0.526458 0.384692 0.0250148 0.032865 0.709146
0 0.374692 0.341296 0.0163571 0.0229597 0.62506
0 0.50192 0.362435 0.0220428 0.0259258 0.456959
0 0.455961 0.350961 0.0224009 0.0277187 0.353892
0 0.00672009 0.187612 0.0134402 0.0373976 0.322056
