0 0.351437 0.891239 0.167753 0.217522 0.919807
0 0.605094 0.499185 0.0431242 0.0745235 0.905043
0 0.209776 0.746143 0.114154 0.16819 0.891891
0 0.162621 0.563858 0.120761 0.130365 0.887424
0 0.339222 0.604426 0.0731662 0.091284 0.879972
0 0.13785 0.684455 0.11815 0.141625 0.863057
0 0.66518 0.426515 0.030689 0.0497232 0.843379
0 0.330014 0.484139 0.073082 0.126642 0.835144
0 0.440402 0.47491 0.0420356 0.0586403 0.827073
0 0.39926 0.452524 0.0521836 0.0688584 0.815448
0 0.623532 0.361333 0.0221747 0.0304923 0.773825
0 0.580501 0.384266 0.0245438 0.032795 0.75771
0 0.279743 0.49592 0.0443024 0.0626685 0.702727
0 0.497153 0.405989 0.0290853 0.0415237 0.638294
0 0.432298 0.421041 0.0363177 0.0442581 0.607756
0 0.0177503 0.826122 0.0352404 0.194329 0.476366
0 0.440108 0.375421 0.0265543 0.0366723 0.445099
0 0.595816 0.344929 0.016212 0.0241965 0.334859
0 0.407458 0.396887 0.0293098 0.0419915 0.309734
0 0.210344 0.74345 0.115094 0.154876 0.914155
0 0.338682 0.604768 0.0767198 0.0942648 0.898041
0 0.138673 0.682891 0.115905 0.131077 0.894467
0 0.162955 0.56136 0.121055 0.125962 0.892089
0 0.356386 0.896015 0.156828 0.206877 0.888342
0 0.397942 0.452943 0.0482132 0.0687397 0.887801
0 0.332922 0.481774 0.0824243 0.132462 0.877014
0 0.603334 0.499181 0.0442139 0.0735133 0.876451
0 0.439465 0.473765 0.0417652 0.0607596 0.864465
0 0.664947 0.426924 0.0306585 0.0523695 0.821212
0 0.432374 0.421977 0.0365486 0.0440335 0.793008
0 0.623453 0.362467 0.0195206 0.0288898 0.707159
0 0.0205315 0.832301 0.0410631 0.204946 0.702609
0 0.278931 0.498361 0.0411076 0.0593145 0.68658
0 0.47827 0.333914 0.0336256 0.0499479 0.551762
0 0.497162 0.405482 0.0308289 0.0438787 0.519447
0 0.58109 0.38559 0.0238323 0.031727 0.425695
