0 0.151264 0.809082 0.161927 0.234436 0.931732
0 0.18561 0.635591 0.104586 0.128704 0.905058
0 0.29192 0.479421 0.0629307 0.0687019 0.872394
0 0.336592 0.582751 0.0725776 0.0979656 0.862274
0 0.283982 0.551739 0.0669608 0.083568 0.858025
0 0.599566 0.496831 0.0444496 0.0647284 0.809263
0 0.407244 0.436491 0.0389874 0.0516869 0.695072
0 0.162374 0.567722 0.0967678 0.111401 0.664719
0 0.476001 0.434307 0.0382566 0.0534553 0.537694
0 0.360944 0.48816 0.0532657 0.0531389 0.454216
0 0.439422 0.414683 0.0303642 0.0451454 0.43664
0 0.365126 0.428781 0.0387433 0.0480247 0.410038
0 0.567897 0.409082 0.0344961 0.0496074 0.368303
0 0.657114 0.394713 0.0250055 0.0361453 0.27102
0 0.18563 0.633468 0.105205 0.121952 0.90794
0 0.153431 0.808298 0.160478 0.224439 0.901652
0 0.360567 0.479887 0.0524009 0.0656543 0.896282
0 0.283748 0.551322 0.06857 0.0869877 0.88047
0 0.291816 0.479755 0.062462 0.0713603 0.879138
0 0.338418 0.582101 0.0772181 0.103115 0.874952
0 0.598413 0.496492 0.0456982 0.0642738 0.870867
0 0.164062 0.571411 0.096859 0.10025 0.870489
0 0.617015 0.390052 0.0258633 0.0388714 0.788556
0 0.657389 0.394202 0.0244937 0.0363789 0.786778
0 0.408717 0.435109 0.0395951 0.0535568 0.781427
0 0.363374 0.430818 0.0401718 0.0506374 0.755966
0 0.475827 0.433708 0.0417768 0.0572886 0.70925
0 0.568308 0.409993 0.0315722 0.0484805 0.702314
