0 0.16559 0.566441 0.0944842 0.105768 0.913912
0 0.142463 0.804037 0.147601 0.210529 0.911121
0 0.324583 0.607003 0.0809013 0.120146 0.881744
0 0.146995 0.668699 0.110747 0.130497 0.875056
0 0.26919 0.564319 0.0763432 0.097286 0.850941
0 0.251407 0.498014 0.075925 0.0884998 0.845536
0 0.409032 0.506416 0.0522732 0.0760279 0.842221
0 0.360435 0.463323 0.0691982 0.110344 0.828838
0 0.471286 0.439258 0.039535 0.053915 0.775987
0 0.662954 0.419316 0.0290337 0.0427459 0.756936
0 0.424123 0.388277 0.0261152 0.0366093 0.684046
0 0.0280207 0.687138 0.055827 0.180648 0.675285
0 0.452806 0.404314 0.0309784 0.0428922 0.643786
0 0.393924 0.407614 0.0302999 0.042587 0.535026
0 0.166355 0.565639 0.0914774 0.107635 0.912258
0 0.141598 0.808569 0.150343 0.198264 0.90015
0 0.410097 0.506338 0.0536197 0.0779679 0.898562
0 0.147985 0.669916 0.110894 0.119769 0.89053
0 0.250777 0.497184 0.0717971 0.0907686 0.880225
0 0.267629 0.566298 0.0769224 0.0950994 0.865732
0 0.325173 0.606924 0.0831702 0.118783 0.863143
0 0.358558 0.461362 0.0721487 0.112099 0.861157
0 0.471215 0.438068 0.0398723 0.0534539 0.855093
0 0.663894 0.41922 0.0354889 0.0508369 0.836475
0 0.0327787 0.692677 0.0650387 0.160308 0.816557
0 0.493421 0.404226 0.0275223 0.0397102 0.612561
0 0.451589 0.403815 0.0309587 0.0439406 0.501184
