0 0.725879 0.678684 0.0996758 0.130653 0.899027
0 0.774954 0.526677 0.0750387 0.0905809 0.893046
0 0.938137 0.644201 0.123725 0.152987 0.885531
0 0.939879 0.778046 0.120134 0.190049 0.878218
0 0.595608 0.523167 0.0557025 0.0697323 0.86713
0 0.715385 0.563218 0.0721636 0.0831173 0.862374
0 0.656748 0.498041 0.0501331 0.0657434 0.843485
0 0.544153 0.449447 0.0402411 0.0598007 0.831312
0 0.33431 0.426174 0.0315397 0.0514149 0.82435
0 0.685552 0.472126 0.0500141 0.0602226 0.810516
0 0.58415 0.432061 0.0363777 0.0512988 0.715047
0 0.615522 0.419446 0.0304848 0.0425462 0.700551
0 0.574791 0.380951 0.0292689 0.0364629 0.529843
0 0.38323 0.329029 0.0156982 0.0232973 0.436184
0 0.53846 0.392383 0.0308346 0.0402415 0.430381
0 0.499521 0.411826 0.0294858 0.0407099 0.416667
0 0.775338 0.527055 0.0731203 0.0937574 0.920114
0 0.595022 0.521833 0.0575357 0.0752283 0.894623
0 0.725665 0.680604 0.100948 0.125539 0.875281
0 0.936249 0.642244 0.126741 0.144581 0.87136
0 0.938991 0.780855 0.122018 0.175742 0.871183
0 0.714787 0.561308 0.0737033 0.0899489 0.869073
0 0.654817 0.495147 0.057692 0.0701796 0.861662
0 0.336006 0.427363 0.0390878 0.0558901 0.858953
0 0.544102 0.44917 0.0436534 0.0612384 0.818399
0 0.684909 0.470555 0.04923 0.0600527 0.796515
0 0.583894 0.433176 0.0398061 0.0529593 0.591428
