0 0.560932 0.731864 0.0956597 0.144812 0.918238
0 0.762342 0.724275 0.114612 0.155987 0.892013
0 0.441549 0.759223 0.102339 0.208904 0.875479
0 0.621482 0.538831 0.0676194 0.0977188 0.850666
0 0.769499 0.596205 0.0872143 0.107129 0.837221
0 0.397921 0.528118 0.0462031 0.0725084 0.820573
0 0.55447 0.462961 0.0458588 0.0671742 0.811809
0 0.327373 0.462209 0.0367959 0.0542763 0.759582
0 0.751196 0.510749 0.0696497 0.0701662 0.713256
0 0.438263 0.427662 0.0347734 0.0553577 0.645802
0 0.643973 0.486896 0.0569901 0.0705 0.617256
0 0.983046 0.702847 0.0339077 0.203148 0.540755
0 0.502568 0.402334 0.0318491 0.0396013 0.448497
0 0.380501 0.409214 0.0326308 0.0504683 0.424081
0 0.583189 0.434707 0.0411119 0.0548365 0.285923
