0 0.0818014 0.910216 0.163603 0.179569 0.912724
0 0.0680656 0.627124 0.136131 0.236174 0.892698
0 0.313893 0.625472 0.0850897 0.109569 0.892461
0 0.192868 0.555938 0.0836193 0.092503 0.879918
0 0.669624 0.47 0.0390722 0.061286 0.863383
0 0.427024 0.486426 0.0485666 0.0655903 0.861999
0 0.34323 0.491458 0.0527685 0.0721877 0.860263
0 0.256601 0.577893 0.079914 0.101979 0.840301
0 0.608195 0.428209 0.0308027 0.0457651 0.818113
0 0.392904 0.454904 0.0410873 0.0538026 0.813819
0 0.462353 0.435273 0.0396871 0.0538063 0.777323
0 0.585892 0.370627 0.0249233 0.0357672 0.686239
0 0.305715 0.467619 0.0463921 0.0622114 0.655963
0 0.401351 0.379561 0.0479189 0.0943024 0.580646
0 0.418098 0.381334 0.0834536 0.0940656 0.455263
0 0.0158577 0.843585 0.0313373 0.17688 0.349897
0 0.623297 0.355944 0.0204632 0.0290515 0.293938
0 0.346207 0.488542 0.0570528 0.074085 0.908734
0 0.314126 0.62348 0.0836993 0.111991 0.897867
0 0.0680885 0.627012 0.135318 0.233371 0.887698
0 0.0807203 0.912434 0.157057 0.174725 0.884295
0 0.193704 0.557547 0.0816255 0.0924979 0.88377
0 0.427482 0.486924 0.0504347 0.0705409 0.881965
0 0.669172 0.470191 0.0385286 0.0623922 0.870428
0 0.40087 0.380606 0.0450039 0.0977692 0.867862
0 0.462109 0.435183 0.0389748 0.0570404 0.862582
0 0.255106 0.577286 0.0770325 0.0946182 0.845976
0 0.393308 0.45441 0.0420169 0.0548816 0.822613
0 0.306216 0.468869 0.0452117 0.0609364 0.81451
0 0.607296 0.429005 0.0320144 0.0461986 0.777968
0 0.0190448 0.82773 0.0379082 0.138851 0.774999
0 0.448708 0.387002 0.0656117 0.0977277 0.305076
