0 0.0831361 0.890007 0.166272 0.219986 0.916933
0 0.0671296 0.747549 0.133924 0.193938 0.900116
0 0.238762 0.59144 0.0888995 0.109571 0.890341
0 0.551935 0.838924 0.104206 0.19057 0.886731
0 0.239624 0.489986 0.115683 0.139425 0.884786
0 0.686494 0.464478 0.0726473 0.21123 0.875865
0 0.321625 0.617023 0.096409 0.128051 0.85824
0 0.610311 0.447012 0.0358244 0.0515669 0.851185
0 0.42621 0.484936 0.047966 0.0721088 0.848094
0 0.535537 0.492774 0.0473831 0.0747068 0.842753
0 0.346154 0.493708 0.0487033 0.0709704 0.83099
0 0.451114 0.406651 0.030825 0.0403212 0.79211
0 0.41497 0.432615 0.0420332 0.0546208 0.755379
0 0.495355 0.408401 0.0309208 0.0423879 0.741802
0 0.386397 0.418466 0.0314943 0.0455525 0.741784
0 0.577704 0.383916 0.0252449 0.0355082 0.662457
0 0.437684 0.377181 0.0295469 0.0392794 0.579923
0 0.623965 0.347654 0.0200487 0.0252748 0.322196
0 0.0707916 0.744826 0.140895 0.180167 0.921902
0 0.0832942 0.89202 0.165331 0.21596 0.906214
0 0.554004 0.83717 0.108687 0.18628 0.900341
0 0.243552 0.482304 0.123502 0.155154 0.897339
0 0.314997 0.61334 0.0868186 0.138171 0.88517
0 0.685157 0.447716 0.079463 0.269499 0.86326
0 0.238751 0.591419 0.0881655 0.11067 0.862258
0 0.535992 0.493716 0.0465422 0.0810766 0.855023
0 0.34816 0.483782 0.0553658 0.0909284 0.828651
0 0.611401 0.447131 0.0372425 0.0619459 0.82489
0 0.426116 0.481554 0.0539186 0.0797693 0.797948
