0 0.0562259 0.903357 0.112212 0.192147 0.898377
0 0.572654 0.629938 0.0663799 0.116773 0.898081
0 0.244166 0.701248 0.113338 0.167795 0.897659
0 0.277059 0.500727 0.063939 0.0723808 0.882887
0 0.198385 0.611218 0.11142 0.137004 0.880358
0 0.669103 0.523099 0.0462137 0.0768402 0.867769
0 0.668266 0.423782 0.0336975 0.0485901 0.800301
0 0.446682 0.470575 0.0413114 0.0546431 0.79873
0 0.342736 0.502988 0.0428433 0.0567875 0.74444
0 0.124662 0.595228 0.0848049 0.115106 0.715142
0 0.372408 0.561828 0.064192 0.0876788 0.715013
0 0.429142 0.417429 0.0342804 0.0502924 0.650705
0 0.483908 0.416176 0.0317816 0.0427507 0.606177
0 0.0117117 0.713309 0.022843 0.1721 0.58334
0 0.458084 0.392371 0.0304109 0.0401541 0.501814
0 0.414793 0.390379 0.0328 0.0359827 0.412258
0 0.200759 0.609207 0.106653 0.136813 0.901292
0 0.243571 0.69792 0.11489 0.164564 0.888573
0 0.0590519 0.902901 0.118104 0.192524 0.884795
0 0.27613 0.501784 0.062008 0.0735703 0.884497
0 0.372721 0.561308 0.068787 0.0926745 0.875955
0 0.573215 0.630755 0.0687104 0.118366 0.868817
0 0.125095 0.596023 0.0794938 0.111445 0.863823
0 0.67088 0.526563 0.0595729 0.0829168 0.8563
0 0.667469 0.424603 0.0379715 0.0568542 0.810577
0 0.34946 0.496127 0.0552007 0.062838 0.810105
0 0.446523 0.47015 0.0417982 0.0613012 0.797527
0 0.428012 0.418317 0.0351954 0.0532961 0.486865
0 0.352372 0.439716 0.0367921 0.0501923 0.46823
0 0.0111252 0.710899 0.0221929 0.145091 0.392884
0 0.483907 0.415342 0.0327074 0.0470252 0.275371
