0 0.173464 0.78634 0.144789 0.186177 0.910094
0 0.224761 0.593982 0.108545 0.144149 0.886322
0 0.324471 0.513378 0.058483 0.0743003 0.856525
0 0.529951 0.515588 0.0506948 0.072768 0.850297
0 0.433989 0.476579 0.0514084 0.0755981 0.82863
0 0.0526347 0.758503 0.105269 0.308637 0.802661
0 0.617781 0.508898 0.0463037 0.0706036 0.756106
0 0.270729 0.489931 0.061452 0.0668242 0.718788
0 0.374304 0.552329 0.0643802 0.0838205 0.701562
0 0.146783 0.582495 0.0931784 0.114077 0.637286
0 0.5722 0.414949 0.0301168 0.0412773 0.577871
0 0.457275 0.389903 0.0327505 0.0400572 0.563658
0 0.500454 0.397311 0.028835 0.0382848 0.449262
0 0.173023 0.787292 0.141926 0.172642 0.901723
0 0.61914 0.510011 0.0515232 0.076906 0.890485
0 0.374009 0.554379 0.0667771 0.0901482 0.88837
0 0.530542 0.514869 0.048988 0.0727541 0.888359
0 0.218166 0.592152 0.0903045 0.140707 0.886769
0 0.432815 0.476125 0.0540211 0.0836491 0.885356
0 0.14572 0.583163 0.0899137 0.114379 0.879088
0 0.325797 0.513795 0.0573288 0.077269 0.871543
0 0.0535393 0.760444 0.107079 0.305453 0.859923
0 0.272643 0.488613 0.0621961 0.0653425 0.702051
0 0.573383 0.415031 0.0302825 0.0440929 0.560196
0 0.413579 0.422158 0.0477531 0.0756029 0.2814
