0 0.608685 0.575756 0.0531572 0.0834042 0.904298
0 0.0718246 0.896763 0.143649 0.206475 0.903549
0 0.222274 0.567634 0.128252 0.190149 0.895481
0 0.246251 0.688721 0.109093 0.137254 0.895393
0 0.0538612 0.791342 0.107722 0.201473 0.886589
0 0.324432 0.520392 0.0744453 0.0943819 0.870381
0 0.0534092 0.649888 0.106818 0.158768 0.86979
0 0.548158 0.460652 0.0392422 0.0590536 0.841499
0 0.42268 0.498998 0.0539272 0.0719543 0.820196
0 0.468977 0.445623 0.036445 0.0470496 0.786741
0 0.733584 0.894437 0.121032 0.209604 0.783968
0 0.37717 0.473597 0.0403346 0.0561818 0.709568
0 0.453141 0.350957 0.0419703 0.0643593 0.666639
0 0.397792 0.402987 0.0339646 0.0469389 0.661356
0 0.41628 0.437017 0.0406492 0.0549215 0.65882
0 0.628979 0.355387 0.0201593 0.0273089 0.560164
0 0.505708 0.400293 0.0245706 0.034897 0.473257
0 0.595891 0.340281 0.0173651 0.0252752 0.266058
0 0.607362 0.574962 0.0497021 0.0827112 0.911471
0 0.222717 0.56728 0.127091 0.183246 0.906507
0 0.73389 0.892221 0.120776 0.212314 0.892986
0 0.31893 0.520188 0.0695934 0.0954639 0.88427
0 0.422669 0.498106 0.0549421 0.0762245 0.883306
0 0.0548875 0.779333 0.109775 0.169624 0.878962
0 0.0745124 0.90513 0.149025 0.189051 0.878251
0 0.246333 0.689832 0.10783 0.136695 0.875024
0 0.468584 0.44522 0.0372814 0.0513353 0.869873
0 0.0535588 0.649193 0.107118 0.165567 0.855694
0 0.417371 0.437225 0.0453872 0.0548916 0.85521
0 0.548281 0.460576 0.037588 0.0574916 0.85197
0 0.451335 0.353192 0.0395718 0.0634197 0.820409
0 0.505963 0.401085 0.0259474 0.0361987 0.773836
0 0.37721 0.473194 0.0402847 0.0541975 0.763609
0 0.308418 0.467274 0.0536832 0.0560115 0.628486
0 0.628558 0.354296 0.0191708 0.0265775 0.553688
0 0.398884 0.40277 0.0377668 0.0490023 0.523693
0 0.347546 0.433993 0.0400696 0.052733 0.516585
0 0.150031 0.593031 0.0511875 0.0783505 0.430968
0 0.597442 0.339795 0.016958 0.0240811 0.25247
