0 0.284854 0.555028 0.0685522 0.0887789 0.892381
0 0.596269 0.520632 0.0484237 0.0862127 0.888135
0 0.228872 0.735001 0.124039 0.153678 0.882109
0 0.0281425 0.716241 0.0562225 0.0907637 0.881884
0 0.27865 0.485026 0.0673999 0.0781971 0.872054
0 0.161106 0.567212 0.0946448 0.11918 0.868302
0 0.398325 0.520088 0.0599457 0.0844196 0.848207
0 0.56622 0.42261 0.031631 0.042631 0.824549
0 0.442335 0.471821 0.0417416 0.0540909 0.81867
0 0.379964 0.458424 0.04673 0.0706574 0.761506
0 0.410607 0.378111 0.0481391 0.0832669 0.720596
0 0.439922 0.418939 0.0327221 0.0416895 0.709124
0 0.345878 0.447913 0.0375246 0.0517968 0.70571
0 0.48096 0.42098 0.0297996 0.0430723 0.657522
0 0.602685 0.335035 0.0180859 0.0233206 0.397615
0 0.401623 0.520494 0.0587463 0.0840689 0.931774
0 0.162587 0.568448 0.0922912 0.106917 0.905897
0 0.594921 0.519091 0.0474268 0.0846331 0.894072
0 0.279713 0.484219 0.0639154 0.0786015 0.88654
0 0.37899 0.459793 0.0495857 0.0769203 0.884615
0 0.229034 0.737054 0.121923 0.146021 0.881384
0 0.285269 0.554357 0.0667604 0.0856605 0.879517
0 0.442692 0.470748 0.0411884 0.0537653 0.869293
0 0.566359 0.424065 0.0304955 0.0431458 0.844872
0 0.0279914 0.714594 0.0549823 0.0843918 0.817109
0 0.439713 0.417634 0.0326989 0.0408911 0.800113
0 0.40784 0.380172 0.0400794 0.0827724 0.799633
0 0.346261 0.446779 0.0363118 0.0505649 0.796585
0 0.482112 0.419055 0.0295494 0.0417324 0.785241
0 0.0272927 0.81079 0.0545437 0.274524 0.680566
0 0.0277282 0.749742 0.0554564 0.156177 0.29172
