0 0.212877 0.616006 0.0947427 0.100697 0.894211
0 0.602062 0.610766 0.0655946 0.114021 0.893566
0 0.238098 0.517188 0.0732714 0.0874748 0.893398
0 0.214474 0.728206 0.121577 0.159142 0.891211
0 0.100072 0.618008 0.0987668 0.121893 0.871562
0 0.415676 0.50168 0.0525042 0.0653538 0.871413
0 0.325305 0.521268 0.0569069 0.073472 0.866392
0 0.745509 0.958661 0.121844 0.082678 0.850428
0 0.3947 0.458585 0.0451132 0.0526426 0.82947
0 0.396955 0.40338 0.0367194 0.0460337 0.776363
0 0.433691 0.426531 0.0321114 0.0460153 0.77547
0 0.332523 0.451391 0.0425538 0.0616278 0.749094
0 0.470472 0.435244 0.0435843 0.0593966 0.712329
0 0.588796 0.369294 0.0221441 0.0294082 0.623468
0 0.436878 0.38181 0.024746 0.0343321 0.39836
0 0.59832 0.608933 0.0566422 0.109967 0.913695
0 0.213905 0.616549 0.0934582 0.0995886 0.899271
0 0.41562 0.500961 0.0529607 0.0662835 0.892529
0 0.213397 0.731397 0.113437 0.149893 0.891078
0 0.238531 0.516939 0.07119 0.085841 0.890936
0 0.327347 0.520782 0.0544348 0.0752281 0.889824
0 0.101762 0.615408 0.0955357 0.113647 0.882644
0 0.332959 0.45092 0.0415045 0.064782 0.872281
0 0.470406 0.433847 0.0442856 0.0584586 0.860978
0 0.395251 0.457722 0.0463263 0.0541771 0.836993
0 0.752848 0.956374 0.141777 0.0870676 0.796671
0 0.397035 0.403285 0.0359237 0.0447885 0.783858
0 0.588701 0.36954 0.0223745 0.0306013 0.727792
0 0.434093 0.426081 0.0298725 0.0449251 0.720707
0 0.437398 0.380747 0.0254812 0.0333326 0.317167
