0 0.861919 0.679325 0.117061 0.14313 0.892936
0 0.64747 0.893557 0.164037 0.212885 0.882328
0 0.790227 0.744794 0.115512 0.16973 0.880663
0 0.839883 0.562498 0.123483 0.13441 0.880577
0 0.662231 0.605903 0.0760527 0.0940283 0.880248
0 0.396003 0.499658 0.0440589 0.0741533 0.870227
0 0.66812 0.484711 0.0782828 0.12753 0.857318
0 0.418801 0.384633 0.0251533 0.033361 0.845073
0 0.334434 0.427062 0.0297565 0.0506764 0.836841
0 0.560135 0.476017 0.0429253 0.0618828 0.799019
0 0.602606 0.452423 0.0458771 0.0687988 0.717776
0 0.376445 0.361486 0.0221971 0.0312648 0.69858
0 0.502532 0.405775 0.0314098 0.0424999 0.652968
0 0.981724 0.818276 0.0365524 0.242814 0.609388
0 0.403633 0.345184 0.0180458 0.0245474 0.361129
0 0.976749 0.83967 0.0465013 0.263652 0.353162
0 0.559253 0.375195 0.02617 0.0375175 0.310179
0 0.79116 0.743426 0.112844 0.154436 0.924618
0 0.560756 0.474797 0.0416058 0.059807 0.900987
0 0.839533 0.560957 0.119138 0.124533 0.899472
0 0.864109 0.683351 0.113679 0.132157 0.887921
0 0.659802 0.605569 0.0777655 0.0937618 0.886594
0 0.666721 0.48228 0.0801964 0.128442 0.874153
0 0.395142 0.498515 0.0413237 0.0722281 0.873683
0 0.603186 0.452792 0.0464932 0.0683037 0.871148
0 0.720996 0.495889 0.0417527 0.0585125 0.835052
0 0.565381 0.421552 0.0350654 0.0472963 0.823757
0 0.334405 0.427016 0.0296897 0.050798 0.823749
0 0.418928 0.384615 0.02465 0.0316417 0.823115
0 0.503733 0.404353 0.0286915 0.0444703 0.771873
0 0.376521 0.361006 0.0209223 0.0297426 0.753161
0 0.558152 0.375793 0.0285379 0.0395332 0.708306
0 0.979629 0.820365 0.0405102 0.181834 0.676934
0 0.403997 0.345608 0.0173264 0.0249753 0.6443
0 0.522145 0.333113 0.032637 0.0477445 0.582966
0 0.00670714 0.187891 0.0134143 0.036929 0.366709
0 0.649479 0.894139 0.174301 0.211722 0.331602
0 0.516657 0.372812 0.022305 0.0364176 0.277166
