0 0.562695 0.727073 0.099662 0.160548 0.918316
0 0.778708 0.612491 0.0815197 0.114133 0.913876
0 0.686157 0.427345 0.122733 0.17007 0.9078
0 0.901984 0.620376 0.100759 0.121092 0.896072
0 0.674599 0.596299 0.0822441 0.111563 0.895426
0 0.901217 0.889345 0.189161 0.219862 0.864303
0 0.389063 0.442411 0.0440846 0.0787176 0.860775
0 0.319617 0.497247 0.0415136 0.0661177 0.854938
0 0.668007 0.506883 0.0554714 0.0661416 0.83996
0 0.571642 0.476445 0.0487019 0.0655552 0.836032
0 0.412059 0.374983 0.0241887 0.0350221 0.779622
0 0.557354 0.407207 0.0335884 0.0417455 0.765381
0 0.571655 0.385721 0.028858 0.0358101 0.68984
0 0.500957 0.407908 0.0295741 0.0389145 0.688258
0 0.561608 0.726041 0.0988847 0.155067 0.907278
0 0.387643 0.445114 0.0512763 0.082065 0.881449
0 0.902006 0.620504 0.103587 0.119207 0.877476
0 0.777898 0.610563 0.0804024 0.107307 0.875948
0 0.899646 0.891604 0.188721 0.214841 0.866182
0 0.669376 0.594943 0.0945639 0.112734 0.855575
0 0.571475 0.470962 0.0485769 0.0720911 0.842489
0 0.557307 0.406766 0.0360744 0.0446977 0.833678
0 0.661116 0.507195 0.070709 0.0606962 0.833063
0 0.320429 0.49649 0.0422377 0.0650572 0.825346
0 0.571089 0.385423 0.0298931 0.0339452 0.736615
0 0.671109 0.425238 0.14654 0.182977 0.55226
0 0.500781 0.405799 0.028137 0.0428646 0.467104
0 0.568647 0.388097 0.027384 0.0228859 0.450736
