0 0.119635 0.84404 0.176125 0.248981 0.923708
0 0.305031 0.630506 0.0873159 0.137094 0.904104
0 0.693368 0.632675 0.0921194 0.153974 0.890983
0 0.200802 0.549774 0.0892037 0.113349 0.887783
0 0.314003 0.518169 0.0695041 0.0873241 0.854768
0 0.304321 0.472726 0.0550484 0.0554529 0.841141
0 0.540557 0.479603 0.0465107 0.0733682 0.835108
0 0.414107 0.509536 0.0569424 0.0832026 0.814083
0 0.449233 0.453114 0.0422209 0.0618923 0.555127
0 0.0347758 0.75874 0.0692617 0.254679 0.338352
0 0.398465 0.446155 0.0463717 0.0523776 0.318929
