0 0.241371 0.587356 0.0911539 0.110152 0.917892
0 0.191683 0.778447 0.136678 0.181157 0.916317
0 0.469306 0.67964 0.0790133 0.110485 0.906035
0 0.592758 0.56609 0.0535135 0.0822738 0.905607
0 0.336321 0.592002 0.0755308 0.119315 0.894044
0 0.103148 0.706509 0.142645 0.175122 0.889488
0 0.676678 0.596566 0.0531485 0.0900084 0.887888
0 0.327157 0.507403 0.0610982 0.0779762 0.87837
0 0.550359 0.468763 0.038842 0.0534954 0.858197
0 0.271712 0.488435 0.0600657 0.0742066 0.85379
0 0.412227 0.508468 0.0483701 0.0632351 0.849558
0 0.419166 0.430475 0.0339175 0.0441058 0.84627
0 0.12041 0.593922 0.099266 0.109615 0.841297
0 0.380545 0.462254 0.0405256 0.0552969 0.834702
0 0.453677 0.455315 0.0398465 0.057398 0.828763
0 0.663366 0.367291 0.025612 0.041403 0.786836
0 0.354199 0.4321 0.0397697 0.0568632 0.755644
0 0.408529 0.397303 0.0337793 0.042421 0.752519
0 0.588465 0.371494 0.0231076 0.0322068 0.701316
0 0.457736 0.39383 0.0303425 0.0404255 0.692309
0 0.515529 0.386216 0.0259803 0.035302 0.614464
0 0.475165 0.425708 0.0289927 0.0378413 0.597799
0 0.486868 0.371699 0.0230883 0.0356375 0.545771
0 0.440842 0.373861 0.0260229 0.0342454 0.504426
0 0.469967 0.681195 0.0807339 0.114922 0.912431
0 0.241264 0.582928 0.0861771 0.108775 0.912087
0 0.678174 0.596338 0.0541201 0.0905166 0.908599
0 0.339162 0.58938 0.0810732 0.120247 0.905467
0 0.591883 0.566125 0.0536469 0.0860405 0.897201
0 0.193131 0.774263 0.130673 0.175627 0.892527
0 0.413745 0.505961 0.0509133 0.0672003 0.889931
0 0.271998 0.488888 0.0616977 0.0801826 0.882837
0 0.122468 0.592499 0.101427 0.106604 0.873887
0 0.381924 0.461304 0.0425014 0.057896 0.871958
0 0.550223 0.468533 0.0391357 0.056212 0.867981
0 0.326415 0.507986 0.0564618 0.0747442 0.865413
0 0.102961 0.706223 0.139891 0.154925 0.862674
0 0.663993 0.366932 0.0269039 0.0431275 0.819385
0 0.0745191 0.948998 0.149038 0.101488 0.803222
0 0.454609 0.455017 0.0420217 0.0585946 0.764425
0 0.41919 0.430456 0.0330845 0.0430555 0.580459
