0 0.695194 0.629397 0.0888795 0.135723 0.921668
0 0.879099 0.845241 0.174835 0.248114 0.899191
0 0.798402 0.549375 0.0893232 0.111806 0.897393
0 0.309428 0.631828 0.0908973 0.155731 0.889478
0 0.584779 0.50899 0.0580898 0.0827459 0.84558
0 0.686248 0.519262 0.0674747 0.0869847 0.825526
0 0.459127 0.480853 0.0485886 0.0771691 0.815414
0 0.694323 0.472059 0.0590231 0.0558688 0.776807
0 0.60245 0.447204 0.0436933 0.0525207 0.670323
0 0.550662 0.451874 0.0403702 0.0614531 0.367964
0 0.68713 0.517665 0.0697024 0.0922062 0.916201
0 0.882879 0.843793 0.169993 0.242587 0.900833
0 0.695627 0.631319 0.0857803 0.136931 0.900598
0 0.308022 0.6313 0.0922668 0.152444 0.8905
0 0.799415 0.550232 0.0878063 0.111439 0.876107
0 0.586649 0.507982 0.0569654 0.084079 0.863211
0 0.457374 0.479834 0.0484688 0.0772729 0.860633
0 0.601002 0.446444 0.0457142 0.0547861 0.816709
0 0.693385 0.473005 0.0584203 0.0547771 0.800251
0 0.551065 0.452482 0.041472 0.0617378 0.743194
0 0.00705841 0.188033 0.0141168 0.0364383 0.278108
