0 0.306258 0.607508 0.0514237 0.0922176 0.912179
0 0.665198 0.58775 0.0812387 0.10792 0.902933
0 0.808025 0.75547 0.114717 0.169183 0.894955
0 0.872456 0.607673 0.101789 0.117197 0.891461
0 0.342286 0.444784 0.0334252 0.0580057 0.880129
0 0.721286 0.555884 0.0734398 0.0846341 0.870571
0 0.604042 0.453856 0.0407495 0.0559687 0.849977
0 0.544071 0.457572 0.0433855 0.0583526 0.847845
0 0.559591 0.402638 0.0512108 0.0723639 0.837959
0 0.744073 0.500508 0.0671349 0.0802179 0.836861
0 0.6601 0.444329 0.0480055 0.0601604 0.798586
0 0.421373 0.388988 0.0263214 0.0362694 0.797017
0 0.380501 0.372684 0.0239825 0.0360255 0.794079
0 0.33601 0.397159 0.0297143 0.0394702 0.7717
0 0.592086 0.393463 0.0279377 0.0401709 0.690667
0 0.48223 0.385584 0.0268382 0.0315907 0.667034
0 0.521143 0.378371 0.0251956 0.0321321 0.637494
0 0.360729 0.342947 0.0195872 0.0279593 0.299389
0 0.807166 0.754741 0.11601 0.166371 0.904807
0 0.305239 0.606965 0.0609531 0.0954405 0.894822
0 0.723108 0.55607 0.075241 0.0861696 0.883436
0 0.873609 0.608662 0.106088 0.105883 0.8765
0 0.604003 0.453871 0.0482418 0.0584389 0.875347
0 0.544439 0.457927 0.0456545 0.0625855 0.867556
0 0.342666 0.446763 0.03575 0.059546 0.866838
0 0.664373 0.589509 0.0854628 0.110009 0.864792
0 0.741827 0.500527 0.0649456 0.0801153 0.85274
0 0.665596 0.443981 0.0375327 0.0593167 0.82945
0 0.334284 0.402501 0.0294018 0.0491453 0.722371
0 0.561188 0.408376 0.0509178 0.0641323 0.327295
0 0.664425 0.572287 0.0819735 0.0854664 0.25624
