0 0.688691 0.633433 0.058847 0.10314 0.917536
0 0.30212 0.630699 0.0967496 0.144592 0.88784
0 0.0642144 0.874254 0.128157 0.251491 0.881413
0 0.61029 0.445203 0.0344591 0.0518847 0.857036
0 0.402291 0.452767 0.0407744 0.0509493 0.81941
0 0.454439 0.463066 0.0411724 0.0524446 0.804827
0 0.42587 0.386532 0.0298582 0.0410792 0.728005
0 0.663556 0.396716 0.0258324 0.0411413 0.697351
0 0.392474 0.41291 0.0341993 0.0433272 0.670158
0 0.222784 0.559966 0.263298 0.347616 0.67003
0 0.451394 0.404276 0.0290488 0.0375614 0.669118
0 0.474384 0.426411 0.0313913 0.0412813 0.518248
0 0.456403 0.365192 0.0279712 0.0336535 0.338294
0 0.516189 0.377316 0.0226582 0.0312633 0.2653
0 0.688454 0.632567 0.0626655 0.103725 0.920363
0 0.0658183 0.875276 0.131424 0.249447 0.89458
0 0.301171 0.629111 0.091994 0.143885 0.870266
0 0.147547 0.621804 0.113905 0.215878 0.854361
0 0.610426 0.44725 0.0352625 0.0544493 0.827347
0 0.402534 0.450223 0.041855 0.0503435 0.733083
0 0.17019 0.619693 0.158377 0.223495 0.479101
0 0.456245 0.462293 0.0474867 0.0552261 0.424732
0 0.663481 0.396074 0.0255123 0.0431766 0.333593
