0 0.91733 0.891199 0.162762 0.217602 0.913324
0 0.758571 0.484339 0.119247 0.150718 0.894603
0 0.932644 0.747833 0.134712 0.193845 0.883115
0 0.760363 0.590091 0.0908632 0.108199 0.876466
0 0.448677 0.840077 0.106446 0.18998 0.875152
0 0.313314 0.464547 0.0732365 0.210756 0.866879
0 0.682948 0.618553 0.0903095 0.130519 0.866467
0 0.463533 0.49262 0.0479789 0.0772268 0.850074
0 0.573557 0.485074 0.0507235 0.0731747 0.84048
0 0.389918 0.44649 0.0341109 0.0505438 0.83414
0 0.654783 0.492517 0.0459908 0.0730764 0.80483
0 0.585605 0.431645 0.0423682 0.0578981 0.768092
0 0.422228 0.383861 0.0252811 0.036456 0.715931
0 0.613204 0.419791 0.0301688 0.0476873 0.668499
0 0.548773 0.405666 0.0317913 0.0414983 0.644674
0 0.503958 0.407925 0.0302375 0.0429428 0.563272
0 0.563541 0.377421 0.0292341 0.0366018 0.430654
