0 0.323315 0.596735 0.0513528 0.0906869 0.904063
0 0.53052 0.680427 0.0772661 0.10963 0.903414
0 0.759696 0.58625 0.0884365 0.109544 0.900633
0 0.880034 0.594297 0.100639 0.106133 0.896486
0 0.672657 0.5081 0.0584505 0.0758873 0.896443
0 0.664482 0.593214 0.075746 0.122527 0.89512
0 0.896968 0.706061 0.140909 0.17809 0.894749
0 0.809413 0.781567 0.140235 0.189177 0.887919
0 0.450248 0.468455 0.0384359 0.0537368 0.887749
0 0.406891 0.566656 0.0523149 0.0828966 0.8858
0 0.588271 0.508153 0.0480868 0.0626388 0.876389
0 0.619008 0.462577 0.0416731 0.0558761 0.875474
0 0.728058 0.487827 0.0608494 0.0737837 0.871835
0 0.581142 0.431175 0.0327494 0.0436392 0.855144
0 0.545466 0.454764 0.0414426 0.059991 0.853733
0 0.644971 0.43214 0.0399506 0.0523838 0.830273
0 0.33603 0.366766 0.0245661 0.0412839 0.818526
0 0.411257 0.371214 0.0228804 0.0326926 0.807794
0 0.483371 0.384991 0.0280073 0.0354208 0.782824
0 0.591054 0.397711 0.0337777 0.0422832 0.773065
0 0.524613 0.425304 0.02812 0.0376882 0.768244
0 0.542188 0.392347 0.0292528 0.0385108 0.735557
0 0.513432 0.370905 0.0232246 0.0356106 0.70521
0 0.558035 0.374129 0.0262487 0.0344109 0.644315
0 0.371113 0.342375 0.0171113 0.0256528 0.476385
0 0.534046 0.356294 0.0210822 0.0274333 0.413816
0 0.806958 0.775881 0.138184 0.180348 0.912924
0 0.898297 0.709872 0.134498 0.158854 0.895085
0 0.674173 0.507275 0.0597074 0.0797915 0.89132
0 0.879973 0.5932 0.099625 0.100729 0.888902
0 0.661817 0.59108 0.0800955 0.120768 0.88494
0 0.52983 0.681856 0.0819468 0.119826 0.884601
0 0.322575 0.596899 0.0553471 0.0938039 0.881404
0 0.759002 0.584522 0.085953 0.105646 0.880869
0 0.585891 0.506057 0.0528473 0.067145 0.876621
0 0.408382 0.565926 0.0537137 0.0893427 0.876192
0 0.729218 0.489594 0.0619522 0.0785736 0.875433
0 0.449622 0.468137 0.0419285 0.0601872 0.833406
0 0.619797 0.46145 0.0459469 0.0606325 0.823275
0 0.337017 0.367646 0.0272868 0.0465389 0.385973
0 0.580587 0.430149 0.0362366 0.0451488 0.275233
