0 0.26863 0.57664 0.0741833 0.0921639 0.904592
0 0.587746 0.604793 0.0608997 0.106203 0.90182
0 0.214738 0.751572 0.13139 0.162623 0.889819
0 0.0859069 0.595864 0.171814 0.260468 0.868799
0 0.04447 0.76784 0.0888505 0.16787 0.865394
0 0.233526 0.522654 0.0643147 0.0770267 0.864716
0 0.535141 0.508287 0.0495256 0.0712282 0.858535
0 0.304158 0.482164 0.0555741 0.0622603 0.856289
0 0.421222 0.492572 0.0490786 0.0644633 0.820345
0 0.390336 0.46455 0.0391577 0.0554434 0.807342
0 0.616224 0.412149 0.0274317 0.0416766 0.801169
0 0.464499 0.452287 0.0382677 0.050416 0.790218
0 0.0352531 0.918217 0.0705063 0.162256 0.734344
0 0.308618 0.974119 0.147623 0.0517622 0.71846
0 0.364369 0.574439 0.070463 0.0846328 0.714024
0 0.445525 0.409938 0.0291063 0.0405232 0.648376
0 0.496012 0.409553 0.0319101 0.0451987 0.552297
0 0.366914 0.418193 0.0672246 0.0844159 0.41789
0 0.582427 0.383863 0.0298501 0.0421762 0.398113
0 0.586407 0.604151 0.0570873 0.106734 0.932688
0 0.0462578 0.766408 0.0925157 0.154212 0.898108
0 0.533659 0.508793 0.0476351 0.0709356 0.893342
0 0.212396 0.752166 0.123937 0.161838 0.889456
0 0.30335 0.4814 0.0540482 0.061371 0.887363
0 0.26725 0.57497 0.0732638 0.0907797 0.887319
0 0.364956 0.571634 0.0727667 0.0877012 0.886598
0 0.233186 0.522045 0.0642277 0.074375 0.883977
0 0.421975 0.492726 0.0498653 0.0629822 0.883751
0 0.388202 0.464514 0.0428265 0.0548483 0.873838
0 0.0863046 0.593748 0.171419 0.248623 0.871916
0 0.464096 0.451506 0.0375407 0.0508406 0.853439
0 0.0378273 0.918964 0.0754693 0.16131 0.839017
0 0.617005 0.41082 0.0245316 0.0400041 0.835984
0 0.657183 0.370064 0.0189109 0.0279142 0.806755
0 0.365746 0.415531 0.0704599 0.0871192 0.778937
0 0.301886 0.975002 0.15199 0.0499941 0.774465
0 0.446364 0.408866 0.0290891 0.0383076 0.726745
0 0.621302 0.352996 0.0175528 0.0241147 0.655661
0 0.352763 0.420751 0.0448013 0.0801213 0.61862
0 0.583156 0.384265 0.0264191 0.0428623 0.607158
0 0.495203 0.408219 0.0311203 0.0461435 0.603036
0 0.306907 0.981902 0.155455 0.036197 0.492877
0 0.474238 0.382824 0.0256522 0.0373145 0.353168
