0 0.134461 0.576071 0.186714 0.207414 0.918595
0 0.467592 0.636359 0.0742514 0.105453 0.909293
0 0.0863485 0.886183 0.172697 0.227634 0.902287
0 0.595488 0.703488 0.0692017 0.121596 0.898013
0 0.209318 0.616554 0.103113 0.136583 0.89417
0 0.254995 0.500413 0.067593 0.0774986 0.891995
0 0.338407 0.597371 0.0701663 0.0926682 0.884916
0 0.440495 0.47708 0.0419847 0.0555338 0.859241
0 0.614889 0.406579 0.0477414 0.115073 0.840441
0 0.313074 0.525468 0.0593128 0.0697258 0.834313
0 0.32262 0.461377 0.0518398 0.0547741 0.829217
0 0.385915 0.532558 0.0512919 0.0748961 0.825493
0 0.417452 0.430439 0.037927 0.0466774 0.807586
0 0.436038 0.351229 0.0516772 0.0821011 0.751978
0 0.374632 0.422932 0.0399988 0.0562831 0.654898
0 0.475452 0.432202 0.0321266 0.0431496 0.614413
0 0.209788 0.612707 0.103073 0.13274 0.91395
0 0.341197 0.596709 0.0764764 0.101178 0.896443
0 0.466819 0.639529 0.0744067 0.108864 0.890082
0 0.440367 0.475858 0.042217 0.0563776 0.890014
0 0.384488 0.532553 0.0557242 0.0790659 0.881052
0 0.595368 0.702641 0.069154 0.12535 0.880768
0 0.0940998 0.590204 0.108012 0.164139 0.878967
0 0.253971 0.499407 0.0608523 0.0834101 0.871569
0 0.323475 0.461507 0.0488585 0.0555754 0.868444
0 0.0856004 0.893655 0.170389 0.212628 0.862065
0 0.417317 0.430952 0.0403088 0.0479248 0.857285
0 0.314169 0.524219 0.0581817 0.0701595 0.836858
0 0.615511 0.403874 0.0487412 0.118057 0.832137
0 0.436016 0.35229 0.054961 0.0889946 0.83
0 0.475274 0.430093 0.0372284 0.0452095 0.79398
0 0.171568 0.518761 0.0970008 0.108087 0.72138
0 0.375377 0.42214 0.0407895 0.0578002 0.635334
0 0.450623 0.399988 0.02904 0.0415388 0.396565
0 0.478088 0.37632 0.0248039 0.0349879 0.381524
0 0.656708 0.342066 0.0164568 0.0268562 0.288166
