0 0.512616 0.572643 0.058094 0.0863175 0.88382
0 0.0924108 0.62716 0.120071 0.134595 0.870204
0 0.0955026 0.884183 0.190332 0.229895 0.868237
0 0.254083 0.505372 0.071746 0.0818876 0.863308
0 0.346677 0.595315 0.072614 0.0896328 0.862484
0 0.187589 0.709171 0.13466 0.171865 0.853738
0 0.612819 0.442629 0.0316938 0.0525936 0.83487
0 0.43031 0.496275 0.0437922 0.0626501 0.833848
0 0.323873 0.453948 0.0529815 0.0634938 0.804711
0 0.57435 0.412581 0.0278311 0.0402405 0.752624
0 0.412095 0.437046 0.0378377 0.0520666 0.689624
0 0.658576 0.367983 0.019287 0.0289338 0.687313
0 0.464328 0.434383 0.0395552 0.0555081 0.646253
0 0.395366 0.404652 0.0349594 0.047289 0.595805
0 0.380095 0.477897 0.041566 0.0614832 0.550444
0 0.595443 0.352996 0.0176683 0.0243974 0.481661
0 0.235948 0.60395 0.090411 0.108518 0.375347
0 0.453647 0.350187 0.0424761 0.063717 0.313544
0 0.346789 0.596041 0.0742015 0.0936737 0.907442
0 0.254646 0.505523 0.0694305 0.0783621 0.897916
0 0.429642 0.496638 0.0463175 0.0662977 0.89669
0 0.512031 0.572216 0.0584881 0.0872856 0.892861
0 0.32415 0.453806 0.0530044 0.0641603 0.875506
0 0.0917654 0.629195 0.12394 0.119485 0.865303
0 0.0982194 0.884466 0.19607 0.231069 0.865251
0 0.413174 0.437193 0.0399141 0.0562518 0.856901
0 0.378664 0.475756 0.0440483 0.0657249 0.852088
0 0.613197 0.442139 0.0303862 0.0510851 0.837861
0 0.185064 0.71246 0.132248 0.172768 0.834284
0 0.238183 0.585424 0.0859992 0.0761546 0.822025
0 0.462255 0.433204 0.0378864 0.0544525 0.815466
0 0.574519 0.411887 0.0266602 0.0395312 0.797061
0 0.658306 0.367257 0.0183912 0.0275916 0.785355
0 0.452694 0.350634 0.042176 0.0654192 0.715469
0 0.595628 0.352524 0.0181837 0.0234874 0.644189
0 0.395854 0.404331 0.0346613 0.0497485 0.489099
0 0.65272 0.329856 0.0134262 0.0215609 0.440853
0 0.628609 0.321473 0.0139003 0.0217534 0.355392
