0 0.190239 0.764569 0.130612 0.165802 0.894246
0 0.493049 0.627891 0.0687663 0.103299 0.891065
0 0.0584604 0.770077 0.116518 0.194786 0.882425
0 0.396144 0.52213 0.0617474 0.0871745 0.877137
0 0.167538 0.568068 0.101417 0.130102 0.875742
0 0.317876 0.522488 0.0654595 0.0803911 0.872017
0 0.638576 0.586788 0.0574419 0.0946821 0.866295
0 0.300966 0.469681 0.0582042 0.0615112 0.605302
0 0.462919 0.444662 0.0444714 0.0562967 0.433471
0 0.398184 0.520431 0.0558627 0.0892757 0.918495
0 0.493425 0.628562 0.0701798 0.101703 0.898668
0 0.317468 0.522267 0.0639306 0.0783358 0.892649
0 0.168112 0.568424 0.0979233 0.121028 0.886287
0 0.0622278 0.768677 0.122622 0.185966 0.885037
0 0.190841 0.762117 0.127453 0.16472 0.882433
0 0.639292 0.583709 0.0543924 0.0896635 0.876311
0 0.463793 0.444001 0.0418659 0.0604158 0.864688
0 0.300668 0.47091 0.0534742 0.0637699 0.808649
0 0.497114 0.40088 0.031636 0.0488075 0.68519
0 0.391637 0.463359 0.0440213 0.0536314 0.647996
0 0.431609 0.416977 0.0339519 0.0500681 0.402871
0 0.460652 0.396353 0.0291612 0.0361897 0.385736
0 0.614898 0.392211 0.0285351 0.0377562 0.355508
0 0.658205 0.383636 0.0243689 0.0382617 0.354491
