0 0.241647 0.584407 0.0852333 0.108468 0.921499
0 0.284747 0.486243 0.0644302 0.0839823 0.903402
0 0.30667 0.625009 0.0836803 0.11865 0.900797
0 0.456721 0.690121 0.111314 0.196184 0.89569
0 0.407657 0.443894 0.03705 0.0468294 0.881426
0 0.113277 0.689308 0.12467 0.151492 0.876319
0 0.399239 0.38679 0.0850596 0.110844 0.856805
0 0.340371 0.504381 0.0523168 0.070809 0.848504
0 0.455879 0.45226 0.0401739 0.0541865 0.835806
0 0.666485 0.42576 0.0305127 0.0426094 0.834348
0 0.457651 0.362877 0.0263788 0.032532 0.801163
0 0.589885 0.363344 0.0204935 0.0283507 0.751095
0 0.501712 0.405343 0.0261965 0.0370042 0.744388
0 0.449396 0.403229 0.0273839 0.0310548 0.720486
0 0.484158 0.376187 0.023402 0.0320515 0.71713
0 0.399061 0.398004 0.0857775 0.0669392 0.708967
0 0.0188949 0.837094 0.0377519 0.165143 0.626356
0 0.0290086 0.959284 0.0579492 0.081431 0.542893
0 0.0402687 0.680277 0.0803265 0.178288 0.42313
0 0.599514 0.332729 0.0160599 0.0229239 0.412978
0 0.490454 0.34187 0.0210102 0.0271658 0.354583
0 0.242246 0.583041 0.0840352 0.109995 0.910231
0 0.457562 0.684142 0.108697 0.184703 0.90235
0 0.284194 0.484398 0.064854 0.0863876 0.889832
0 0.305039 0.624605 0.0807683 0.110561 0.885351
0 0.455688 0.452217 0.0433812 0.0607836 0.879249
0 0.115421 0.692756 0.125405 0.140739 0.87745
0 0.344827 0.50216 0.0617887 0.0746693 0.874943
0 0.408214 0.443892 0.0397603 0.0527767 0.848978
0 0.666107 0.426805 0.0313625 0.0481398 0.822936
0 0.0404427 0.68525 0.0802359 0.172865 0.773284
0 0.503329 0.404805 0.0315702 0.0408137 0.759013
0 0.0215368 0.840519 0.0430737 0.16685 0.750769
0 0.448138 0.402309 0.0287068 0.0357422 0.433424
0 0.484814 0.377861 0.0250837 0.0330798 0.277952
0 0.0302287 0.959888 0.0600919 0.0794502 0.26947
